      0/99     1.82G    0.1089   0.07419         0    0.1831        77       416  0.008401    0.2414  0.004156 0.0006637    0.1015   0.04896         0
      1/99     1.85G    0.1058    0.0739         0    0.1797        79       416    0.0102    0.2931  0.006703 0.0008953     0.096   0.05308         0
      2/99     1.85G    0.1034    0.0768         0    0.1802        78       416    0.0117    0.3362  0.005835 0.0007451   0.09213   0.05594         0
      3/99     1.85G    0.1001   0.07274         0    0.1728       117       416    0.0117    0.3362  0.005131 0.0006984   0.08919   0.05807         0
      4/99     1.85G    0.1002    0.0889         0    0.1891       143       416    0.0117    0.3362  0.005235 0.0007237   0.08787   0.05887         0
      5/99     1.85G    0.1003   0.09399         0    0.1943       140       416    0.0114    0.3276  0.005008 0.0006719   0.08725   0.05912         0
      6/99     1.85G   0.09804   0.09553         0    0.1936       169       416     0.012    0.3448  0.005499 0.0007244   0.08659   0.05946         0
      7/99     1.85G   0.09887   0.08748         0    0.1863        97       416    0.0117    0.3362  0.005431  0.000703   0.08618   0.05966         0
      8/99     1.85G   0.09738   0.09198         0    0.1894       115       416    0.0245    0.0431  0.005837 0.0007442    0.0858   0.05987         0
      9/99     1.85G   0.09756   0.08497         0    0.1825        89       416   0.01321    0.3793  0.006968  0.000829   0.08565   0.05991         0
     10/99     1.85G   0.09549   0.07913         0    0.1746        59       416    0.0126    0.3621  0.005994 0.0007787   0.08522   0.06019         0
     11/99     1.85G   0.09537   0.09549         0    0.1909       124       416   0.01291    0.3707  0.008939  0.001167   0.08483   0.06047         0
     12/99     1.85G   0.09574   0.08168         0    0.1774        97       416   0.01392    0.3448  0.009128  0.001124    0.0844    0.0608         0
     13/99     1.85G   0.09582   0.09221         0     0.188       148       416   0.01397     0.319  0.007385 0.0009888   0.08419   0.06095         0
     14/99     1.85G   0.09336     0.077         0    0.1704        77       416   0.01368    0.3879  0.008739   0.00121   0.08385   0.06121         0
     15/99     1.85G   0.09516   0.08795         0    0.1831        94       416   0.01355    0.3103   0.00718 0.0009496   0.08372   0.06133         0
     16/99     1.85G   0.09498   0.08518         0    0.1802        94       416   0.01372    0.3621  0.007009 0.0009374   0.08375   0.06136         0
     17/99     1.85G   0.09481   0.08752         0    0.1823        92       416   0.01525    0.2931  0.006347 0.0008624   0.08358   0.06148         0
     18/99     1.85G   0.09395   0.08556         0    0.1795       107       416   0.01374     0.319  0.006476 0.0009759   0.08344   0.06152         0
     19/99     1.85G    0.0961   0.08807         0    0.1842       104       416   0.01287      0.25  0.005878 0.0008934    0.0852   0.06025         0
     20/99     1.85G   0.09317    0.0838         0     0.177        66       416   0.00908    0.2414  0.003144 0.0005761    0.0952   0.05453         0
     21/99     1.85G   0.09571   0.09279         0    0.1885        81       416   0.01471    0.3103  0.006477  0.001111   0.09252   0.05535         0
     22/99     1.85G   0.09389   0.08422         0    0.1781        95       416   0.01169    0.2155  0.004869 0.0008907   0.09131   0.05645         0
     23/99     1.85G   0.09459   0.08641         0     0.181       135       416   0.01577    0.3103  0.008645  0.001449   0.08808   0.05854         0
     24/99     1.85G   0.09404   0.08471         0    0.1787       104       416   0.01381    0.3448  0.006344 0.0009231   0.08728   0.05926         0
     25/99     1.85G   0.09273   0.08339         0    0.1761        93       416   0.01341    0.2931  0.005241 0.0007457   0.08852   0.05844         0
     26/99     1.85G   0.09299   0.08684         0    0.1798        89       416   0.01404    0.3103  0.005832 0.0008249   0.08752   0.05889         0
     27/99     1.85G   0.09448   0.08661         0    0.1811       106       416   0.01264    0.2759   0.00516  0.000893   0.08858   0.05792         0
     28/99     1.85G    0.0947   0.09172         0    0.1864       108       416   0.01274    0.2414  0.005772 0.0009416   0.08983   0.05709         0
     29/99     1.85G   0.09513   0.08588         0     0.181        95       416   0.01229     0.319  0.005505 0.0008896   0.09034   0.05692         0
     30/99     1.85G   0.09359   0.08244         0     0.176        87       416   0.01415    0.3448  0.007009  0.001176   0.08824   0.05831         0
     31/99     1.85G   0.09469   0.08498         0    0.1797       114       416   0.01625   0.08621  0.005272  0.000798   0.09194    0.0561         0
     32/99     1.85G   0.09471   0.08044         0    0.1751        82       416   0.01342    0.2414  0.005329 0.0008122   0.09257   0.05558         0
     33/99     1.85G   0.09365   0.08809         0    0.1817        91       416   0.01639      0.25   0.00867  0.001471   0.09597   0.05326         0
     34/99     1.85G   0.09476   0.09469         0    0.1895       151       416   0.01253    0.2586  0.005101 0.0008861   0.09594   0.05342         0
     35/99     1.85G   0.09321   0.09161         0    0.1848       103       416   0.01391    0.2586  0.004937 0.0007308   0.09975   0.05061         0
     36/99     1.85G   0.09485   0.08487         0    0.1797       118       416   0.01222    0.2586  0.004705  0.000809   0.09484   0.05356         0
     37/99     1.85G   0.09376   0.08843         0    0.1822       102       416   0.01135    0.2414  0.004586 0.0007264   0.09212   0.05564         0
     38/99     1.85G    0.0923   0.08217         0    0.1745       103       416   0.01316    0.1724   0.00513 0.0008082   0.09015   0.05718         0
     39/99     1.85G   0.09286   0.08269         0    0.1756        88       416   0.01294    0.2069  0.006073 0.0009046   0.08804   0.05853         0
     40/99     1.85G    0.0936   0.08603         0    0.1796        82       416   0.01186    0.2586  0.005346 0.0008119   0.08755   0.05898         0
     41/99     1.85G   0.09221   0.07756         0    0.1698        63       416    0.0125    0.1515  0.006558  0.001129    0.0865   0.05965         0
     42/99     1.85G   0.09436   0.08904         0    0.1834       130       416   0.01181    0.2759  0.005399 0.0007768   0.08619   0.06007         0
     43/99     1.85G   0.09302   0.08712         0    0.1801       117       416    0.0134    0.1983  0.005588 0.0007602   0.08614   0.05999         0
     44/99     1.85G   0.09418    0.0883         0    0.1825        91       416   0.01212    0.2759  0.005486 0.0007873   0.08871   0.05806         0
     45/99     1.85G   0.09255   0.09695         0    0.1895       164       416   0.01416     0.181  0.005166 0.0007001   0.08903   0.05773         0
     46/99     1.85G    0.0945   0.09253         0     0.187       103       416   0.01581    0.2069  0.008483  0.001092   0.08814   0.05869         0
     47/99     1.85G   0.09143   0.07439         0    0.1658        76       416   0.01346    0.3017  0.006928 0.0009672   0.08882   0.05815         0
     48/99     1.85G   0.09328   0.09448         0    0.1878       116       416   0.06063   0.03448  0.009889  0.001336   0.08689   0.05939         0
     49/99     1.85G   0.09252   0.08359         0    0.1761        91       416   0.05297   0.03424  0.008778  0.001121   0.08552   0.06024         0
     50/99     1.85G   0.09293   0.09097         0    0.1839       157       416   0.03101   0.03448  0.008304  0.001166   0.08449     0.061         0
     51/99     1.85G   0.09222   0.08163         0    0.1739        76       416   0.03062   0.02586  0.008419  0.001126   0.08328   0.06195         0
     52/99     1.85G   0.09236   0.08703         0    0.1794       118       416    0.0448   0.02586  0.009767  0.001345   0.08298   0.06216         0
     53/99     1.85G   0.09109   0.08096         0     0.172        72       416   0.05265   0.03448   0.00998  0.001272   0.08284    0.0622         0
     54/99     1.85G   0.09234    0.0846         0    0.1769       119       416   0.03227   0.03448  0.009475  0.001275   0.08265   0.06246         0
     55/99     1.85G   0.09174   0.08092         0    0.1727        93       416   0.03541   0.03448   0.01107  0.001449   0.08252   0.06263         0
     56/99     1.85G   0.09379    0.0976         0    0.1914       141       416     0.018    0.1379   0.01105  0.001461   0.08252   0.06264         0
     57/99     1.85G   0.09295    0.0877         0    0.1806       116       416   0.03811   0.03448   0.01119  0.001482   0.08261   0.06254         0
     58/99     1.85G   0.09282   0.08509         0    0.1779       148       416   0.05001   0.02586   0.01158  0.001612   0.08273   0.06242         0
     59/99     1.85G   0.09175   0.08385         0    0.1756        84       416   0.02357   0.09483   0.01107  0.001466   0.08296   0.06216         0
     60/99     1.85G   0.09325   0.09774         0     0.191       113       416   0.02447   0.07759   0.01181  0.001781   0.08328   0.06186         0
     61/99     1.85G   0.09157   0.08672         0    0.1783       106       416   0.05174   0.02586   0.01079   0.00162   0.08327   0.06181         0
     62/99     1.85G   0.09247   0.08646         0    0.1789        87       416   0.06253   0.03448   0.01221  0.002069   0.08336   0.06177         0
     63/99     1.85G   0.09125   0.08639         0    0.1776        75       416   0.03932   0.09483   0.01542  0.002481   0.08387   0.06154         0
     64/99     1.85G   0.09177    0.0922         0     0.184       103       416   0.03876   0.09483   0.01356  0.002517   0.08429   0.06135         0
     65/99     1.85G   0.09128   0.08421         0    0.1755        68       416    0.0497   0.06897   0.01678  0.005722   0.08346   0.06168         0
     66/99     1.85G   0.09285   0.08429         0    0.1771        79       416   0.02936   0.02586  0.008538  0.001893   0.08317   0.06168         0
     67/99     1.85G   0.09087   0.08266         0    0.1735        93       416   0.05251   0.03448   0.01091  0.001889   0.08282   0.06183         0
     68/99     1.85G   0.09346   0.08353         0     0.177       139       416   0.05863   0.02586   0.01209  0.002002    0.0825     0.062         0
     69/99     1.85G   0.09239   0.08773         0    0.1801       100       416   0.02825    0.0431   0.01104  0.001923   0.08262   0.06186         0
     70/99     1.85G   0.09118   0.08159         0    0.1728        64       416   0.05546   0.03091   0.01163  0.001952   0.08263    0.0617         0
     71/99     1.85G   0.09191   0.08639         0    0.1783        93       416   0.06698   0.02586   0.01137  0.002006   0.08233   0.06185         0
     72/99     1.85G   0.09109   0.08202         0    0.1731        65       416    0.1075   0.03448   0.01562  0.003198   0.08206     0.062         0
     73/99     1.85G   0.09249   0.08875         0    0.1812       106       416   0.03005   0.06034   0.01091  0.001912   0.08223   0.06198         0
     74/99     1.85G   0.09193   0.08446         0    0.1764       113       416   0.03525   0.06897   0.01235  0.002206   0.08228   0.06193         0
     75/99     1.85G   0.09166   0.08197         0    0.1736       129       416   0.02845    0.1638   0.01114  0.001767   0.08201   0.06196         0
     76/99     1.85G    0.0918   0.08612         0    0.1779       106       416   0.03302    0.1466   0.01113  0.001859   0.08172   0.06207         0
     77/99     1.85G   0.09146   0.08751         0     0.179        88       416   0.03193    0.1293   0.01179  0.002071   0.08162   0.06212         0
     78/99     1.85G   0.09057   0.08775         0    0.1783       105       416   0.05174   0.05172   0.01313  0.002331   0.08137    0.0622         0
     79/99     1.85G   0.09268   0.08593         0    0.1786       108       416   0.02938    0.1897   0.01375  0.002259   0.08135   0.06212         0
     80/99     1.85G   0.09058    0.0851         0    0.1757       100       416   0.08417   0.06034   0.01627  0.002543   0.08122    0.0622         0
     81/99     1.85G   0.09222   0.08366         0    0.1759       132       416   0.04903   0.06897   0.01734  0.002644   0.08107   0.06218         0
     82/99     1.85G   0.09183   0.08838         0    0.1802       129       416   0.09041   0.05172   0.02302  0.003187   0.08108   0.06203         0
     83/99     1.85G   0.09174   0.09435         0    0.1861       107       416   0.07665   0.06897   0.01723  0.003584   0.08099   0.06204         0
     84/99     1.85G    0.0907   0.08377         0    0.1745        89       416    0.0975    0.0431   0.01764   0.00386   0.08101   0.06194         0
     85/99     1.85G   0.09229   0.09177         0    0.1841       101       416   0.05466   0.06897   0.01588  0.002579    0.0811   0.06169         0
     86/99     1.85G   0.09175    0.0795         0    0.1713        83       416    0.0499   0.07759     0.016  0.002639   0.08118   0.06143         0
     87/99     1.85G   0.09158   0.08951         0    0.1811        85       416   0.04379   0.08621   0.01465   0.00242   0.08128   0.06127         0
     88/99     1.85G   0.09093   0.08367         0    0.1746        85       416   0.07904   0.06034   0.01773  0.003249   0.08124    0.0612         0
     89/99     1.85G   0.08934   0.08775         0    0.1771        82       416   0.07955   0.06897   0.02145  0.003894    0.0812    0.0612         0
     90/99     1.85G   0.09057   0.08379         0    0.1744        96       416   0.08356    0.1121   0.03066  0.006605   0.08107   0.06081         0
     91/99     1.85G   0.09031   0.08456         0    0.1749       111       416    0.1083    0.1379   0.03619  0.007272   0.08097   0.06047         0
     92/99     1.85G    0.0901   0.08619         0    0.1763       113       416   0.08426    0.1466   0.03901  0.007928   0.08086   0.06016         0
     93/99     1.85G   0.09026   0.08131         0    0.1716        79       416    0.1517    0.1034   0.05029   0.01031   0.08078   0.05961         0
     94/99     1.85G   0.09044   0.08697         0    0.1774       121       416    0.2053    0.1034   0.05302  0.009419   0.08083   0.05937         0
     95/99     1.85G   0.08997   0.07719         0    0.1672        79       416   0.07241    0.2931   0.04712  0.008983   0.08072   0.05928         0
     96/99     1.85G   0.09015   0.08726         0    0.1774       113       416   0.08114    0.2328   0.04627  0.008698   0.08081   0.05938         0
     97/99     1.85G   0.09039    0.0838         0    0.1742       101       416   0.09168    0.1638   0.04823  0.009624   0.08042   0.05892         0
     98/99     1.85G   0.09085   0.08302         0    0.1739        86       416   0.09539    0.1983   0.05132   0.01061   0.08048    0.0594         0
     99/99     1.85G   0.08742   0.07036         0    0.1578        74       416    0.1061    0.2759   0.06667   0.01284   0.08043   0.06101         0
