      0/99     1.38G     0.106   0.08827         0    0.1943       131       416    0.0105    0.3017    0.0045 0.0005762    0.0918    0.0561         0
      1/99      1.4G   0.09994   0.09885         0    0.1988       133       416    0.0102    0.2931  0.004334 0.0005335   0.08679    0.0593         0
      2/99      1.4G   0.09796    0.1025         0    0.2005       171       416    0.0114    0.3276  0.006006 0.0007754   0.08517   0.06024         0
      3/99      1.4G   0.09701    0.1013         0    0.1983       163       416   0.01116     0.319  0.005399 0.0008212   0.08431   0.06096         0
      4/99      1.4G   0.09603   0.09619         0    0.1922        96       416   0.01246    0.2845  0.005767 0.0007966    0.0837   0.06165         0
      5/99      1.4G   0.09534   0.09904         0    0.1944       131       416   0.01176    0.3362  0.006387 0.0008233   0.08315   0.06241         0
      6/99      1.4G    0.0949   0.09748         0    0.1924       185       416   0.01118    0.3017  0.005162 0.0006881   0.08293    0.0627         0
      7/99      1.4G   0.09515    0.1027         0    0.1978       142       416   0.01297    0.1897  0.004935 0.0007099   0.08455   0.06169         0
      8/99      1.4G   0.09392   0.09903         0    0.1929       119       416   0.01441    0.1552   0.00636 0.0008903    0.0838   0.06237         0
      9/99      1.4G   0.09417    0.1013         0    0.1955       219       416   0.01587   0.06034  0.006191 0.0009282   0.08544   0.06132         0
     10/99      1.4G   0.09413    0.1009         0     0.195       227       416   0.01169    0.1034   0.00536 0.0009519   0.08442   0.06199         0
     11/99      1.4G   0.09327    0.1027         0    0.1959       172       416    0.0177   0.09483  0.006197  0.001082   0.08317   0.06313         0
     12/99      1.4G   0.09362    0.1021         0    0.1957       150       416   0.02115    0.0431  0.006821  0.001202    0.0832   0.06323         0
     13/99      1.4G   0.09293   0.09803         0     0.191       162       416   0.04109   0.06034  0.007515  0.001212   0.08321   0.06293         0
     14/99      1.4G   0.09314    0.1012         0    0.1943       105       416    0.0523   0.02586  0.007814  0.001097   0.08262   0.06357         0
     15/99      1.4G   0.09246    0.0999         0    0.1924       139       416   0.02889   0.08621  0.008635  0.001228    0.0828    0.0634         0
     16/99      1.4G   0.09262    0.1046         0    0.1972       126       416   0.03113   0.02586  0.008833  0.001278   0.08283    0.0635         0
     17/99      1.4G   0.09168    0.0995         0    0.1912       157       416   0.02148   0.06897  0.008507  0.001304   0.08349   0.06301         0
     18/99      1.4G    0.0914    0.1025         0    0.1939       106       416   0.03722   0.03448     0.012  0.001845   0.08364   0.06293         0
     19/99      1.4G   0.09209    0.1012         0    0.1933       126       416   0.01749   0.08621  0.009635  0.001496   0.08301   0.06386         0
     20/99      1.4G   0.09132    0.1033         0    0.1946       126       416   0.03354   0.08621   0.01277  0.002212   0.08337    0.0642         0
     21/99      1.4G   0.09059    0.1018         0    0.1924       133       416   0.02852     0.181   0.01332  0.002167   0.08211   0.06177         0
     22/99      1.4G   0.09041   0.09667         0    0.1871       142       416   0.02644    0.2069   0.01491  0.002332    0.0814   0.06151         0
     23/99      1.4G   0.08992   0.09277         0    0.1827        89       416   0.07952    0.2241   0.04368  0.006353   0.08691   0.07937         0
     24/99      1.4G   0.08927   0.09731         0    0.1866       132       416     0.116      0.25   0.07047   0.01373   0.08031   0.05929         0
     25/99      1.4G   0.08901     0.103         0     0.192       152       416   0.04111    0.3017   0.02282  0.003589   0.08183   0.06021         0
     26/99      1.4G   0.08741   0.09439         0    0.1818       183       416   0.05193    0.1379    0.0208  0.003152   0.08279   0.06461         0
     27/99      1.4G    0.0862     0.101         0    0.1872       142       416    0.1828    0.2931     0.101   0.01877   0.07818   0.05694         0
     28/99      1.4G   0.08535   0.09605         0    0.1814       144       416    0.2123    0.2324    0.1322   0.02335   0.07748   0.05921         0
     29/99      1.4G   0.08394   0.09553         0    0.1795       137       416    0.1865    0.3103    0.1282   0.02285   0.07597   0.05703         0
     30/99      1.4G   0.08304   0.09501         0     0.178       181       416    0.2015     0.198     0.101   0.02231   0.07847   0.05652         0
     31/99      1.4G   0.08088   0.09445         0    0.1753       151       416   0.02554    0.2845   0.01391  0.002019   0.08953   0.08707         0
     32/99      1.4G   0.08022   0.09252         0    0.1727       167       416   0.06551    0.1379   0.02472  0.004033   0.08316   0.06827         0
     33/99      1.4G   0.07829    0.0918         0    0.1701       137       416    0.3071    0.1379    0.1319   0.03196   0.07727     0.055         0
     34/99      1.4G   0.07888   0.09474         0    0.1736       125       416   0.02979    0.2672   0.01254  0.001757   0.08672   0.08009         0
     35/99      1.4G    0.0765   0.09571         0    0.1722       175       416   0.08443    0.2663    0.0751    0.0102   0.08259   0.05874         0
     36/99      1.4G   0.07601   0.09713         0    0.1731       149       416    0.2952     0.319    0.2008   0.04549   0.07284   0.05318         0
     37/99      1.4G   0.07503   0.09228         0    0.1673       129       416       0.2    0.2069    0.1099   0.02825   0.07898   0.05745         0
     38/99      1.4G    0.0744   0.09577         0    0.1702       148       416   0.08504      0.25   0.06642   0.01204   0.08028   0.05448         0
     39/99      1.4G   0.07435   0.09531         0    0.1697       191       416   0.03569    0.1034   0.01469  0.002736   0.09632   0.07933         0
     40/99      1.4G   0.07429   0.09418         0    0.1685       173       416    0.2272    0.2586     0.135   0.02463   0.07622   0.05501         0
     41/99      1.4G   0.07325   0.09593         0    0.1692       175       416   0.09038    0.1379   0.03874  0.008388   0.08399   0.05881         0
     42/99      1.4G   0.07451   0.09841         0    0.1729       168       416   0.08811   0.08621    0.0202  0.003714   0.08807   0.06151         0
     43/99      1.4G   0.07474   0.09628         0     0.171       203       416    0.2303    0.3172    0.1682   0.05051   0.07373   0.05503         0
     44/99      1.4G   0.07175   0.09638         0    0.1681       120       416   0.09235    0.3276   0.04439  0.008658   0.08465   0.05568         0
     45/99      1.4G   0.07019   0.09576         0     0.166       160       416    0.2391     0.319    0.1858   0.03134   0.07398   0.05319         0
     46/99      1.4G   0.06974   0.09366         0    0.1634       165       416    0.4791    0.5431    0.4135    0.1051   0.06186   0.05527         0
     47/99      1.4G   0.06767   0.09235         0      0.16       126       416    0.3623    0.4483    0.3081   0.08939   0.06666   0.04929         0
     48/99      1.4G   0.07166   0.09437         0     0.166       152       416   0.01722   0.05172  0.004325 0.0008236   0.09554   0.05569         0
     49/99      1.4G   0.06783   0.09365         0    0.1615       129       416   0.02142   0.08621  0.004649 0.0007484   0.09496   0.06241         0
     50/99      1.4G   0.06833   0.09358         0    0.1619       131       416   0.01952    0.1379  0.004784 0.0006543    0.1023   0.07314         0
     51/99      1.4G   0.06742   0.09592         0    0.1633       141       416    0.3027    0.3707    0.2552   0.07649    0.0709   0.05121         0
     52/99      1.4G   0.06782   0.08871         0    0.1565       113       416     0.362    0.3966    0.2702   0.06389   0.06951   0.05047         0
     53/99      1.4G    0.0663   0.09291         0    0.1592       129       416    0.1964    0.3017    0.1394   0.02941   0.07479   0.05178         0
     54/99      1.4G   0.06562   0.09141         0     0.157       113       416    0.2547    0.4741     0.243   0.06659   0.07037   0.05105         0
     55/99      1.4G   0.06369   0.08789         0    0.1516       107       416    0.5475    0.4397    0.3913    0.1081   0.06336   0.05189         0
     56/99      1.4G    0.0657   0.08614         0    0.1518       162       416    0.5032    0.5345    0.4542    0.1495   0.05995   0.05067         0
     57/99      1.4G   0.06408   0.09022         0    0.1543       102       416    0.6178    0.5172    0.5244     0.161   0.05917   0.05016         0
     58/99      1.4G   0.06358   0.09263         0    0.1562       125       416    0.6666    0.4827    0.5065     0.141   0.05809   0.04972         0
     59/99      1.4G    0.0638   0.08993         0    0.1537       145       416    0.5618    0.5862    0.5126    0.1427   0.05899   0.04876         0
     60/99      1.4G    0.0621   0.08936         0    0.1515       103       416    0.4347    0.4914    0.4123    0.1202   0.06208   0.05044         0
     61/99      1.4G   0.06199   0.08928         0    0.1513       133       416     0.418    0.5431     0.408     0.108   0.06258   0.05088         0
     62/99      1.4G   0.06305   0.09394         0     0.157       174       416     0.631    0.5602    0.5147    0.1524   0.05856   0.04989         0
     63/99      1.4G   0.06107   0.08766         0    0.1487       114       416    0.6157    0.6379    0.5946    0.2016    0.0542   0.04813         0
     64/99      1.4G   0.06053   0.08998         0    0.1505       178       416    0.6183    0.5168    0.4859    0.1558    0.0571   0.04773         0
     65/99      1.4G   0.06064   0.09069         0    0.1513       139       416    0.6326    0.5948    0.5558    0.1928   0.05571   0.04819         0
     66/99      1.4G   0.06053   0.09008         0    0.1506       121       416    0.5153     0.431    0.3787    0.1191   0.06504   0.04803         0
     67/99      1.4G   0.05985   0.09052         0    0.1504       143       416    0.6108     0.569    0.5041    0.1622   0.05762   0.04714         0
     68/99      1.4G   0.06034   0.09022         0    0.1506       155       416    0.7053    0.6034      0.62    0.2189   0.05217   0.04748         0
     69/99      1.4G   0.06121   0.08955         0    0.1508       120       416    0.6631    0.5431    0.5676    0.2022   0.05443   0.04735         0
     70/99      1.4G   0.06004   0.08946         0    0.1495       146       416    0.6887    0.5431    0.5823    0.1832   0.05637   0.04797         0
     71/99      1.4G   0.06005   0.08924         0    0.1493       103       416    0.6087    0.5776    0.5622    0.1952   0.05623   0.04599         0
     72/99      1.4G   0.05954   0.08847         0     0.148       158       416    0.6631     0.543    0.5263    0.1365   0.05887    0.0468         0
     73/99      1.4G   0.05874   0.08925         0     0.148       146       416    0.6605    0.4914    0.5148    0.1444   0.05818   0.04702         0
     74/99      1.4G   0.05824   0.08559         0    0.1438       126       416    0.5071    0.4655     0.406    0.1056   0.06295   0.04513         0
     75/99      1.4G   0.05771   0.08916         0    0.1469       155       416    0.5842    0.6552    0.5635    0.1605    0.0584   0.04461         0
     76/99      1.4G   0.05851   0.08829         0    0.1468       120       416    0.6753    0.6634    0.6217    0.2021   0.05505   0.04634         0
     77/99      1.4G   0.05794   0.09059         0    0.1485       169       416    0.7023    0.7328    0.7066    0.2395   0.05108   0.04665         0
     78/99      1.4G   0.05798   0.08479         0    0.1428       154       416    0.5727    0.5084    0.4986    0.1244   0.06109   0.04592         0
     79/99      1.4G   0.05861   0.08971         0    0.1483       187       416    0.6855    0.6207    0.6212     0.201   0.05387   0.04537         0
     80/99      1.4G   0.05736    0.0873         0    0.1447       119       416    0.6936    0.6635    0.6421     0.245   0.05311    0.0448         0
     81/99      1.4G    0.0573   0.08779         0    0.1451       136       416    0.7216    0.6121    0.6391    0.2363   0.05246   0.04729         0
     82/99      1.4G    0.0561   0.08167         0    0.1378       151       416    0.5979    0.5776    0.5429    0.1335   0.05887   0.04439         0
     83/99      1.4G    0.0572   0.08389         0    0.1411       192       416    0.7238    0.6551    0.6727    0.2423   0.05238   0.04582         0
     84/99      1.4G   0.05827   0.08733         0    0.1456       153       416    0.7496    0.6466    0.6723    0.2527   0.05239   0.04327         0
     85/99      1.4G   0.05657   0.08821         0    0.1448       162       416    0.7278    0.6454    0.6391    0.2037   0.05542   0.04348         0
     86/99      1.4G   0.05676   0.08873         0    0.1455       219       416    0.7547    0.6379    0.6553    0.2367   0.05347   0.04364         0
     87/99      1.4G   0.05588   0.08844         0    0.1443       144       416    0.6342    0.6897    0.6813    0.2516   0.05169   0.04429         0
     88/99      1.4G   0.05596    0.0908         0    0.1468       189       416    0.6981    0.6379    0.6438    0.2002   0.05426   0.04515         0
     89/99      1.4G   0.05645   0.08609         0    0.1425       144       416    0.6177    0.6552    0.6153    0.1865   0.05657    0.0435         0
     90/99      1.4G   0.05599   0.08552         0    0.1415       149       416     0.698    0.6379    0.6645    0.2409     0.052   0.04421         0
     91/99      1.4G   0.05598   0.08929         0    0.1453       188       416     0.648    0.6982    0.6676    0.2456   0.05083   0.04412         0
     92/99      1.4G   0.05487   0.08601         0    0.1409        93       416    0.6826    0.5948    0.5802    0.1829   0.05728   0.04434         0
     93/99      1.4G   0.05541   0.08587         0    0.1413       185       416    0.5855    0.7069    0.5976    0.1891   0.05564   0.04475         0
     94/99      1.4G   0.05553   0.08495         0    0.1405       128       416    0.6181    0.6983    0.5802    0.1902   0.05522    0.0445         0
     95/99      1.4G   0.05493   0.08636         0    0.1413       213       416    0.6615    0.6983    0.6546    0.2326   0.05245   0.04406         0
     96/99      1.4G   0.05604   0.08831         0    0.1444       168       416    0.7216    0.7152    0.7084    0.2658   0.05115   0.04396         0
     97/99      1.4G   0.05475   0.08008         0    0.1348       100       416    0.7129    0.7064     0.697    0.2649     0.051   0.04266         0
     98/99      1.4G   0.05469   0.08653         0    0.1412       124       416    0.6914    0.6379    0.6126    0.2054    0.0559   0.04397         0
     99/99      1.4G   0.05591   0.08769         0    0.1436       113       416    0.7314    0.6809    0.7018    0.2679   0.05148    0.0458         0
