     0/299     1.38G    0.1058   0.09007         0    0.1958       146       416    0.0102    0.2931  0.004783 0.0006397   0.09238   0.05752         0
     1/299      1.4G   0.09967     0.103         0    0.2027       151       416    0.0105    0.3017   0.00612 0.0007243   0.08723    0.0609         0
     2/299      1.4G   0.09683    0.1096         0    0.2064       201       416    0.0117    0.3362   0.00582 0.0006935   0.08558   0.06188         0
     3/299      1.4G   0.09641    0.1013         0    0.1977       174       416    0.0117    0.3362  0.006057 0.0007374   0.08468   0.06268         0
     4/299      1.4G   0.09589   0.09821         0    0.1941       103       416   0.01246    0.2845  0.005898 0.0007863   0.08406   0.06345         0
     5/299      1.4G   0.09481    0.1038         0    0.1987       149       416   0.01257    0.2672  0.005678 0.0008426   0.08329   0.06445         0
     6/299      1.4G   0.09461    0.1008         0    0.1954       157       416   0.01222     0.319  0.005531 0.0007449   0.08283   0.06508         0
     7/299      1.4G   0.09447    0.1007         0    0.1952       145       416   0.01045    0.2672  0.004468 0.0006876    0.0832   0.06472         0
     8/299      1.4G   0.09325    0.1009         0    0.1942       184       416   0.03175   0.02586    0.0071  0.001422   0.08475   0.06367         0
     9/299      1.4G   0.09363    0.1073         0    0.2009       286       416   0.01854   0.05172  0.005214 0.0007839   0.08669   0.06251         0
    10/299      1.4G   0.09388    0.1016         0    0.1955       198       416   0.01616    0.1121  0.005498  0.000836   0.08924   0.06065         0
    11/299      1.4G   0.09323    0.1037         0    0.1969       126       416   0.01016    0.1379  0.003912 0.0006552   0.08788   0.06203         0
    12/299      1.4G   0.09297    0.1038         0    0.1968       140       416   0.01257    0.1897  0.005583 0.0008258   0.08413    0.0647         0
    13/299      1.4G   0.09242    0.1003         0    0.1928       165       416   0.01398   0.06897  0.005532 0.0008503   0.08376     0.065         0
    14/299      1.4G   0.09305    0.1032         0    0.1962       142       416   0.01255   0.06034   0.00477 0.0007562   0.08401   0.06475         0
    15/299      1.4G   0.09273    0.1043         0     0.197       137       416   0.01264    0.1552  0.006165 0.0008953   0.08366   0.06489         0
    16/299      1.4G   0.09218    0.1033         0    0.1955       129       416   0.01429     0.181  0.006379 0.0009157   0.08334   0.06529         0
    17/299      1.4G    0.0913    0.1045         0    0.1958       158       416   0.01144    0.1466  0.004597 0.0007148   0.08347   0.06501         0
    18/299      1.4G   0.09129    0.1014         0    0.1927       147       416   0.01111    0.1552  0.004125 0.0006847   0.08405   0.06437         0
    19/299      1.4G   0.09168    0.1074         0    0.1991       126       416    0.0157    0.1034  0.006487  0.001117   0.08571   0.06288         0
    20/299      1.4G   0.09102    0.1027         0    0.1937       109       416   0.01346    0.2069  0.005919  0.000895   0.08384   0.06435         0
    21/299      1.4G   0.09114    0.1058         0    0.1969       146       416   0.01314    0.1552  0.005052 0.0007445   0.08359    0.0642         0
    22/299      1.4G   0.09071    0.1012         0    0.1919       130       416   0.01618    0.1552  0.006247 0.0009949   0.08408   0.06312         0
    23/299      1.4G   0.09036   0.09938         0    0.1897        95       416   0.03956   0.06034  0.009411  0.001704   0.08359   0.06257         0
    24/299      1.4G    0.0907    0.1016         0    0.1923       134       416    0.0296    0.1466   0.01014   0.00163   0.08429   0.06112         0
    25/299      1.4G   0.09035    0.1061         0    0.1965       186       416    0.0297    0.2586   0.01121  0.001845   0.08473   0.06067         0
    26/299      1.4G   0.08872    0.1022         0    0.1909       230       416   0.03438     0.181   0.01633  0.003073   0.08402   0.06057         0
    27/299      1.4G   0.08824     0.104         0    0.1923       121       416    0.1242    0.1379   0.04724  0.007158   0.08158    0.0583         0
    28/299      1.4G   0.08843     0.103         0    0.1914       159       416   0.08073    0.1379   0.03731  0.008184   0.08069   0.05901         0
    29/299      1.4G   0.08711   0.09912         0    0.1862       157       416    0.1289    0.2845   0.07486   0.01402   0.07939   0.05807         0
    30/299      1.4G   0.08571    0.1017         0    0.1874       194       416    0.2431     0.181    0.1126    0.0188    0.0792   0.05601         0
    31/299      1.4G   0.08433   0.09785         0    0.1822       111       416    0.2318    0.3534    0.1473    0.0302   0.07572    0.0581         0
    32/299      1.4G   0.08428   0.09709         0    0.1814       181       416    0.1368    0.1897   0.06487   0.01887   0.07989   0.05821         0
    33/299      1.4G   0.08328   0.09712         0    0.1804       139       416    0.2601    0.1724    0.1058   0.01883   0.08198   0.06684         0
    34/299      1.4G   0.08189    0.1003         0    0.1822       123       416     0.302    0.2328    0.1352   0.02809   0.07703   0.05744         0
    35/299      1.4G   0.08182   0.09513         0    0.1769       165       416    0.2312    0.3534    0.1579   0.03134   0.07575   0.05673         0
    36/299      1.4G   0.07969   0.09711         0    0.1768       169       416    0.1853      0.25    0.1024   0.02653    0.0793   0.06961         0
    37/299      1.4G   0.07882   0.09422         0     0.173       128       416    0.2886      0.25    0.1841   0.03879   0.07642   0.05442         0
    38/299      1.4G    0.0774   0.09633         0    0.1737       144       416    0.2773    0.3606    0.2644   0.06789   0.07346   0.05376         0
    39/299      1.4G   0.07704   0.09663         0    0.1737       240       416   0.09629    0.2498   0.05896   0.01157   0.08615   0.05414         0
    40/299      1.4G   0.07558    0.1015         0    0.1771       163       416    0.3074    0.3621     0.249    0.0773   0.07318    0.0551         0
    41/299      1.4G   0.07727   0.09768         0    0.1749       163       416    0.1987    0.2845   0.09501   0.01481   0.08155   0.05414         0
    42/299      1.4G   0.07928    0.1001         0    0.1794       191       416   0.01737    0.0431  0.003206 0.0006461    0.1037   0.06982         0
    43/299      1.4G   0.07785    0.1043         0    0.1821       203       416    0.3112    0.3448    0.1953   0.03841    0.0715   0.05513         0
    44/299      1.4G   0.07563    0.1011         0    0.1768       156       416    0.3488    0.3787    0.2783   0.07275   0.06683   0.06088         0
    45/299      1.4G   0.07452   0.09708         0    0.1716       155       416      0.38    0.2325    0.2226   0.04973   0.07542   0.05406         0
    46/299      1.4G   0.07409    0.1007         0    0.1748       197       416    0.1209   0.07759    0.0336  0.007893   0.08957   0.06954         0
    47/299      1.4G   0.07354   0.09577         0    0.1693       138       416    0.3005    0.3444    0.2236   0.05667   0.07272   0.05469         0
    48/299      1.4G   0.07297   0.09759         0    0.1706       175       416    0.1908    0.3793    0.1417    0.0383    0.0733   0.05657         0
    49/299      1.4G   0.07288   0.09945         0    0.1723       151       416     0.227    0.4828    0.1987   0.04931   0.07075   0.05578         0
    50/299      1.4G   0.07384   0.09948         0    0.1733       126       416    0.3876    0.4052    0.3228   0.07881   0.06701   0.05228         0
    51/299      1.4G   0.07049   0.09931         0    0.1698       145       416    0.3322     0.319    0.2077   0.05009    0.0741   0.05809         0
    52/299      1.4G   0.07086    0.0966         0    0.1675       151       416    0.4936    0.3793    0.3491   0.08602   0.07038    0.0518         0
    53/299      1.4G   0.06927   0.09816         0    0.1674       130       416    0.2217    0.2241    0.1174   0.02571   0.07905   0.05595         0
    54/299      1.4G   0.06921   0.09604         0    0.1652       160       416    0.1487    0.2069   0.05706   0.01295   0.08705    0.0514         0
    55/299      1.4G   0.06901   0.09385         0    0.1629       161       416    0.5082       0.5    0.4389    0.1178   0.06421   0.05302         0
    56/299      1.4G   0.06765   0.09215         0    0.1598       168       416    0.4298    0.4828     0.385    0.1109   0.06452   0.05296         0
    57/299      1.4G   0.06783   0.09647         0    0.1643       163       416    0.3701    0.4569    0.2786   0.06934   0.06901   0.05582         0
    58/299      1.4G   0.06781   0.09823         0     0.166       140       416    0.5864    0.5517    0.5272    0.1664   0.05728    0.0533         0
    59/299      1.4G   0.06646   0.09487         0    0.1613       148       416    0.5161    0.3707    0.3797   0.09543   0.06777   0.05314         0
    60/299      1.4G   0.06601   0.09328         0    0.1593       104       416    0.6371    0.6121    0.5735    0.1839   0.05884   0.05042         0
    61/299      1.4G   0.06641   0.09641         0    0.1628       140       416    0.5999    0.4655     0.476    0.1196   0.06367   0.05023         0
    62/299      1.4G   0.06594   0.09873         0    0.1647       172       416    0.4649    0.4052    0.3548   0.08423    0.0696   0.05207         0
    63/299      1.4G   0.06448   0.09417         0    0.1586       162       416     0.573    0.4397    0.4244    0.1132   0.06409   0.04915         0
    64/299      1.4G   0.06593   0.09654         0    0.1625       189       416    0.3225    0.5172    0.2876    0.0584   0.07097   0.04722         0
    65/299      1.4G   0.06705   0.09328         0    0.1603       148       416    0.5223    0.6033    0.4716    0.1204   0.06003    0.0489         0
    66/299      1.4G   0.06481   0.09439         0    0.1592       146       416    0.4017    0.3184    0.2451     0.051   0.07273   0.05076         0
    67/299      1.4G   0.06546   0.09969         0    0.1651       182       416    0.3348    0.5345    0.2952   0.06489   0.06729   0.04873         0
    68/299      1.4G   0.06504   0.09491         0    0.1599       153       416    0.4772    0.5517     0.433    0.1084   0.06451   0.05034         0
    69/299      1.4G   0.06424   0.09515         0    0.1594       118       416    0.6497    0.5948    0.6032    0.2016   0.05777   0.05124         0
    70/299      1.4G   0.06379    0.0954         0    0.1592       160       416    0.5614    0.5076    0.4515    0.1313   0.06166   0.04934         0
    71/299      1.4G    0.0655   0.09555         0    0.1611       108       416    0.6694    0.6121    0.6094    0.1834   0.05622   0.04958         0
    72/299      1.4G   0.06402   0.09509         0    0.1591       159       416    0.4884    0.3621    0.2942   0.05118   0.07187   0.04676         0
    73/299      1.4G    0.0628   0.09289         0    0.1557       176       416    0.4569    0.5077    0.4044   0.09588   0.06317    0.0485         0
    74/299      1.4G   0.06217   0.09156         0    0.1537       162       416      0.61    0.5258    0.5046    0.1112   0.06239   0.04702         0
    75/299      1.4G   0.06202   0.09159         0    0.1536       195       416    0.3424     0.422    0.2546   0.05668   0.06944   0.05191         0
    76/299      1.4G   0.06231   0.09446         0    0.1568       161       416    0.5109    0.5763    0.5411    0.1189     0.064   0.05191         0
    77/299      1.4G   0.06143   0.09505         0    0.1565       190       416    0.7267    0.5517     0.627     0.221   0.05491   0.05102         0
    78/299      1.4G   0.06131   0.09215         0    0.1535       155       416    0.5613    0.5862    0.5015    0.1056   0.06374   0.04764         0
    79/299      1.4G   0.06281   0.09533         0    0.1581       192       416     0.708    0.5776    0.6232    0.1925   0.05505   0.04709         0
    80/299      1.4G   0.06062   0.09175         0    0.1524       124       416    0.5862    0.4655       0.5    0.1048   0.06442   0.04904         0
    81/299      1.4G   0.06187   0.09082         0    0.1527       131       416    0.6394     0.569    0.5602    0.1675    0.0592   0.04916         0
    82/299      1.4G   0.05911   0.09087         0      0.15       143       416    0.6997    0.6034    0.5857     0.163   0.05735   0.04773         0
    83/299      1.4G    0.0609   0.09098         0    0.1519       135       416    0.7863    0.5086    0.6191    0.1669   0.05685   0.04594         0
    84/299      1.4G   0.06037   0.09355         0    0.1539       163       416    0.5016    0.6379     0.483    0.1528    0.0599   0.04834         0
    85/299      1.4G   0.06161   0.09531         0    0.1569       187       416    0.6295    0.5862    0.5933     0.173   0.05582   0.04631         0
    86/299      1.4G   0.05985   0.09408         0    0.1539       173       416    0.4951    0.5517    0.4401    0.1077   0.06195   0.05044         0
    87/299      1.4G   0.06042   0.09235         0    0.1528       141       416     0.658    0.6638    0.6229    0.1876   0.05431   0.05036         0
    88/299      1.4G   0.06041   0.09594         0    0.1564       157       416    0.6446    0.5172    0.5301    0.1464   0.06098    0.0472         0
    89/299      1.4G   0.06184   0.09322         0    0.1551       162       416    0.6515    0.6638    0.6225    0.1882   0.05692   0.04607         0
    90/299      1.4G   0.06058    0.0952         0    0.1558       134       416    0.6211    0.7064    0.6844    0.2285   0.05317   0.04886         0
    91/299      1.4G   0.06035   0.09563         0     0.156       207       416    0.6592    0.5862    0.6056    0.1986   0.05573   0.04846         0
    92/299      1.4G   0.05868   0.09121         0    0.1499       115       416    0.6756    0.6121    0.6356    0.1781   0.05767   0.04773         0
    93/299      1.4G   0.05853   0.09353         0    0.1521       147       416    0.6476     0.431    0.3891    0.0909   0.06631    0.0499         0
    94/299      1.4G    0.0588   0.08989         0    0.1487       153       416     0.683    0.5776    0.5357    0.1331   0.06135   0.04612         0
    95/299      1.4G   0.05873   0.09206         0    0.1508       190       416    0.7444    0.5776    0.6091    0.1924   0.05589   0.04765         0
    96/299      1.4G   0.05857   0.09583         0    0.1544       156       416    0.6355    0.6463    0.6438    0.2137    0.0548   0.04734         0
    97/299      1.4G   0.05815   0.08952         0    0.1477       143       416    0.6593    0.5506    0.5952     0.184   0.05823   0.04636         0
    98/299      1.4G    0.0588   0.09087         0    0.1497       140       416    0.6724     0.569    0.5771    0.1449   0.06094    0.0458         0
    99/299      1.4G   0.05674   0.08988         0    0.1466       133       416    0.7435    0.6034    0.6404     0.169   0.05833   0.04619         0
   100/299      1.4G   0.05799     0.085         0     0.143       118       416    0.6181    0.5862    0.5124    0.1234   0.06083    0.0461         0
   101/299      1.4G    0.0579   0.09194         0    0.1498       170       416    0.7268    0.6121    0.6194    0.1821   0.05604   0.04634         0
   102/299      1.4G    0.0583   0.09035         0    0.1487       138       416    0.7559    0.5086    0.6014    0.1757   0.05839   0.04648         0
   103/299      1.4G   0.05734   0.09095         0    0.1483       189       416    0.6773    0.7241    0.6436    0.1912    0.0572   0.04828         0
   104/299      1.4G   0.05725    0.0898         0    0.1471       157       416    0.6096    0.5259    0.4889    0.1311   0.06165   0.04559         0
   105/299      1.4G   0.05636   0.08736         0    0.1437       183       416    0.7191    0.6466    0.6667    0.2006   0.05657   0.04473         0
   106/299      1.4G   0.05648   0.08888         0    0.1454       241       416    0.6822    0.5517    0.5773    0.1848   0.05558   0.04843         0
   107/299      1.4G   0.05738   0.09104         0    0.1484       152       416    0.6439    0.5776    0.5063    0.1284   0.06274   0.04795         0
   108/299      1.4G   0.05653   0.09067         0    0.1472       169       416    0.7932    0.6293    0.6341    0.1999   0.05684   0.04627         0
   109/299      1.4G   0.05654   0.08859         0    0.1451       165       416    0.7199    0.6205    0.6353    0.2352    0.0547   0.04604         0
   110/299      1.4G   0.05695   0.09052         0    0.1475       167       416    0.6964    0.5932    0.6078    0.1957   0.05583   0.04679         0
   111/299      1.4G   0.05668   0.09033         0     0.147       180       416    0.7757    0.5431    0.6148    0.1937   0.05724   0.04692         0
   112/299      1.4G   0.05633   0.08812         0    0.1445       174       416    0.6899    0.5948    0.5951     0.173   0.05752   0.04557         0
   113/299      1.4G   0.05669    0.0919         0    0.1486       120       416    0.6832    0.7066    0.6821    0.2393   0.05287   0.04637         0
   114/299      1.4G   0.05594   0.08638         0    0.1423       169       416    0.7086    0.6293    0.6316    0.2081   0.05667   0.04517         0
   115/299      1.4G   0.05497    0.0879         0    0.1429       143       416    0.7585     0.569    0.6237    0.1712   0.05942   0.04557         0
   116/299      1.4G   0.05481   0.08153         0    0.1363       176       416    0.6471    0.6983    0.6563    0.2307   0.05277   0.04568         0
   117/299      1.4G   0.05607   0.09385         0    0.1499       176       416    0.6722    0.6719    0.6738    0.2262   0.05539    0.0464         0
   118/299      1.4G   0.05613   0.09222         0    0.1483       160       416    0.6759    0.5948    0.5877    0.1648   0.06001   0.04814         0
   119/299      1.4G   0.05515    0.0846         0    0.1397       144       416    0.6759    0.6292    0.6579    0.2315    0.0537   0.04459         0
   120/299      1.4G   0.05541   0.08341         0    0.1388       183       416    0.5939     0.681    0.6545    0.2155   0.05736   0.04323         0
   121/299      1.4G   0.05567   0.09079         0    0.1465       152       416    0.6461    0.6552    0.6416    0.2412    0.0544   0.04623         0
   122/299      1.4G   0.05539   0.08772         0    0.1431       176       416    0.6781    0.5086     0.527    0.1196   0.06374   0.04509         0
   123/299      1.4G   0.05633   0.08795         0    0.1443       200       416    0.6574    0.6121    0.6258    0.1742   0.05961   0.04424         0
   124/299      1.4G   0.05431   0.08477         0    0.1391       139       416    0.6599    0.5862    0.5713    0.1693   0.05877   0.04447         0
   125/299      1.4G   0.05449   0.08662         0    0.1411       169       416    0.7139    0.6466    0.6182    0.1775   0.06002   0.04514         0
   126/299      1.4G   0.05391   0.08607         0      0.14       118       416    0.7663    0.5948    0.6468    0.2067   0.05783    0.0433         0
   127/299      1.4G   0.05394   0.08802         0     0.142       182       416     0.711    0.5948    0.6216    0.2218   0.05455   0.04531         0
   128/299      1.4G   0.05344   0.08696         0    0.1404       150       416    0.7291    0.6034      0.62    0.2016   0.05633   0.04505         0
   129/299      1.4G   0.05496   0.08683         0    0.1418        95       416    0.7927    0.6638    0.7053    0.2331   0.05324   0.04546         0
   130/299      1.4G   0.05468   0.09074         0    0.1454       205       416    0.7569    0.5948    0.6806    0.2309   0.05307   0.04368         0
   131/299      1.4G    0.0538   0.08613         0    0.1399       170       416    0.7787    0.6371    0.6589    0.2081   0.05685   0.04472         0
   132/299      1.4G   0.05397   0.08474         0    0.1387       122       416    0.6718    0.7414    0.6836     0.244   0.05388   0.04478         0
   133/299      1.4G   0.05327    0.0839         0    0.1372       115       416    0.6085     0.603    0.5789    0.1742   0.05965   0.04472         0
   134/299      1.4G   0.05261   0.08507         0    0.1377       147       416    0.7199    0.6203    0.6591    0.1835   0.05831   0.04473         0
   135/299      1.4G   0.05366    0.0839         0    0.1376       149       416    0.7822    0.5948    0.6516    0.1849   0.05887   0.04513         0
   136/299      1.4G   0.05216   0.08641         0    0.1386       109       416    0.6659    0.6034    0.5912    0.1794   0.05825   0.04538         0
   137/299      1.4G   0.05349    0.0856         0    0.1391       150       416    0.7699    0.6638    0.7092    0.2591   0.05105   0.04402         0
   138/299      1.4G   0.05413   0.08551         0    0.1396       185       416    0.7295    0.6974    0.6881    0.2251   0.05332    0.0442         0
   139/299      1.4G   0.05228   0.08022         0    0.1325       129       416    0.6988    0.6207    0.6197    0.2033   0.05606   0.04458         0
   140/299      1.4G   0.05165   0.08353         0    0.1352       152       416    0.6893    0.6121    0.6059     0.169   0.05953     0.046         0
   141/299      1.4G   0.05323   0.08343         0    0.1367       205       416    0.7529    0.5517    0.5931    0.1568   0.06164   0.04451         0
   142/299      1.4G   0.05316   0.08352         0    0.1367       125       416     0.731    0.5862    0.5843    0.1679   0.06029   0.04543         0
   143/299      1.4G   0.05162   0.08259         0    0.1342       178       416    0.7906    0.5857    0.6091    0.1794   0.05857   0.04526         0
   144/299      1.4G   0.05259   0.08323         0    0.1358       138       416    0.7377    0.6552    0.6578    0.2025    0.0572   0.04413         0
   145/299      1.4G   0.05206    0.0821         0    0.1342       172       416    0.7784    0.6379    0.6322    0.1951   0.05762    0.0446         0
   146/299      1.4G   0.05299   0.08674         0    0.1397       112       416    0.7499    0.6721    0.6942    0.2118   0.05535   0.04402         0
   147/299      1.4G   0.05167   0.08606         0    0.1377       181       416    0.7595    0.6806     0.657     0.184   0.05874    0.0421         0
   148/299      1.4G   0.05119   0.08269         0    0.1339       133       416    0.7808    0.6466    0.6838     0.215   0.05607   0.04323         0
   149/299      1.4G    0.0521    0.0854         0    0.1375       192       416    0.7633    0.6117    0.6356    0.2112   0.05631   0.04392         0
   150/299      1.4G   0.05165     0.085         0    0.1367       134       416    0.7363    0.6982    0.7231     0.247   0.05239   0.04316         0
   151/299      1.4G   0.05058   0.07992         0    0.1305       130       416    0.7449    0.6552      0.71    0.2282   0.05476   0.04419         0
   152/299      1.4G   0.05153    0.0838         0    0.1353       216       416    0.7115     0.681    0.6817     0.221   0.05602    0.0444         0
   153/299      1.4G   0.05181   0.08169         0    0.1335       111       416    0.7348    0.6724    0.6975    0.2471   0.05575   0.04399         0
   154/299      1.4G   0.05166    0.0861         0    0.1378       155       416    0.7168    0.6983    0.6888    0.2285   0.05615   0.04557         0
   155/299      1.4G   0.05193   0.08089         0    0.1328       224       416    0.7156    0.6292    0.6431     0.207   0.05713   0.04429         0
   156/299      1.4G   0.05226   0.08674         0     0.139       208       416     0.728    0.5776    0.6052    0.1617    0.0626   0.04214         0
   157/299      1.4G   0.05045   0.08277         0    0.1332       134       416    0.7887    0.6121    0.6737    0.2208   0.05746   0.04367         0
   158/299      1.4G   0.05106   0.08193         0     0.133       202       416    0.7499    0.5945     0.635    0.1792   0.05994   0.04346         0
   159/299      1.4G   0.05165    0.0827         0    0.1343       165       416     0.742    0.6207    0.6351    0.2054   0.05745   0.04363         0
   160/299      1.4G   0.05211   0.08313         0    0.1352       173       416    0.6636    0.6292     0.621     0.198   0.05972   0.04317         0
   161/299      1.4G   0.05063   0.08167         0    0.1323       194       416    0.6496    0.6724    0.6524    0.2121   0.05834   0.04283         0
   162/299      1.4G   0.04998   0.08295         0    0.1329       157       416    0.7184    0.6379     0.652    0.1984   0.05943   0.04328         0
   163/299      1.4G   0.05045    0.0795         0      0.13       128       416     0.718     0.681    0.6553    0.2318   0.05473   0.04337         0
   164/299      1.4G   0.04995   0.08308         0     0.133       176       416    0.7626    0.6379    0.6821     0.234   0.05536   0.04512         0
   165/299      1.4G   0.04983   0.08198         0    0.1318       141       416    0.6819    0.6293    0.6412    0.2239    0.0566   0.04412         0
   166/299      1.4G   0.05067   0.08334         0     0.134       186       416    0.6633    0.5948    0.6018    0.1454   0.06331   0.04335         0
   167/299      1.4G   0.05081   0.07907         0    0.1299       101       416     0.745    0.6548    0.6559    0.2024   0.05711   0.04238         0
   168/299      1.4G   0.05045   0.08104         0    0.1315       141       416     0.775    0.6533    0.6802     0.231     0.054   0.04291         0
   169/299      1.4G   0.04987   0.08112         0     0.131       160       416    0.7499    0.7239    0.7358    0.2447   0.05341   0.04319         0
   170/299      1.4G   0.04925   0.08004         0    0.1293       122       416    0.6718    0.7241     0.694     0.196   0.05668   0.04363         0
   171/299      1.4G    0.0501    0.0828         0    0.1329       218       416     0.733    0.6897    0.6622    0.2505   0.05434    0.0423         0
   172/299      1.4G   0.04973   0.08012         0    0.1299       145       416    0.7398     0.569    0.6042    0.1703   0.06162    0.0436         0
   173/299      1.4G   0.05022   0.08163         0    0.1319       144       416    0.7241    0.6121    0.6434    0.1913   0.06001   0.04301         0
   174/299      1.4G   0.04918    0.0804         0    0.1296       172       416    0.7604    0.6293    0.6879    0.2249   0.05677    0.0426         0
   175/299      1.4G   0.04977   0.08364         0    0.1334       158       416    0.7272    0.6895    0.6851    0.2417   0.05401   0.04387         0
   176/299      1.4G   0.04942   0.08022         0    0.1296       206       416    0.8361    0.6724    0.7164    0.2449   0.05386   0.04376         0
   177/299      1.4G   0.04981   0.08365         0    0.1335       136       416     0.747    0.6897    0.7061    0.2455   0.05465   0.04327         0
   178/299      1.4G   0.04969   0.08275         0    0.1324       218       416    0.7938    0.6637    0.7152    0.2469   0.05342   0.04395         0
   179/299      1.4G   0.04913   0.07769         0    0.1268       144       416    0.7549    0.6638     0.629    0.2061   0.05662   0.04373         0
   180/299      1.4G   0.04958   0.08059         0    0.1302       185       416    0.7801    0.6121    0.6663    0.2223   0.05692    0.0421         0
   181/299      1.4G   0.04922   0.08179         0     0.131       195       416    0.7841    0.6897    0.6914    0.1899   0.06127   0.04234         0
   182/299      1.4G   0.05004   0.08012         0    0.1302       214       416    0.7237    0.6552    0.6569    0.1972   0.05991   0.04237         0
   183/299      1.4G   0.04866   0.08205         0    0.1307       119       416    0.6908    0.6552    0.6639    0.2087   0.05795   0.04346         0
   184/299      1.4G   0.04858   0.07996         0    0.1285       141       416    0.7821    0.6207    0.6538    0.2076   0.05942   0.04382         0
   185/299      1.4G   0.04893    0.0837         0    0.1326       176       416    0.7894     0.681    0.7224    0.2651   0.05172   0.04315         0
   186/299      1.4G    0.0489   0.08125         0    0.1302       200       416    0.7352    0.6463    0.6821    0.2514   0.05459    0.0434         0
   187/299      1.4G   0.04888   0.08206         0    0.1309       198       416    0.7572    0.5948    0.6393    0.2237   0.05646   0.04288         0
   188/299      1.4G   0.04852   0.07645         0     0.125       137       416    0.7114    0.6375    0.6427    0.2235   0.05646   0.04242         0
   189/299      1.4G   0.04847   0.08066         0    0.1291       127       416    0.7499    0.6204    0.6506    0.2118   0.05865   0.04325         0
   190/299      1.4G   0.04813   0.08336         0    0.1315       183       416    0.6443    0.6638    0.6482    0.1961   0.06097   0.04425         0
   191/299      1.4G   0.04774   0.07799         0    0.1257       134       416    0.7472    0.5862    0.6189    0.1801     0.061   0.04409         0
   192/299      1.4G   0.04773   0.07943         0    0.1272       174       416    0.7522    0.7067    0.6861    0.2233   0.05642   0.04474         0
   193/299      1.4G   0.04761   0.07831         0    0.1259       136       416    0.7595    0.6293    0.6578    0.2435   0.05435   0.04336         0
   194/299      1.4G   0.04762   0.07681         0    0.1244       195       416    0.7527    0.6034    0.6338    0.2146    0.0578   0.04353         0
   195/299      1.4G   0.04776   0.07685         0    0.1246       142       416    0.7795    0.6724    0.6791    0.2201   0.05656   0.04246         0
   196/299      1.4G   0.04775   0.07764         0    0.1254       128       416    0.7699     0.577    0.6271    0.1867   0.05979   0.04252         0
   197/299      1.4G   0.04809   0.07858         0    0.1267       172       416    0.7425    0.6724    0.6629    0.2215   0.05902   0.04294         0
   198/299      1.4G   0.04742   0.07798         0    0.1254       158       416    0.7425    0.6724    0.6842    0.2519   0.05526   0.04292         0
   199/299      1.4G   0.04849    0.0809         0    0.1294       173       416    0.7428    0.6724    0.6948    0.2578   0.05253   0.04313         0
   200/299      1.4G   0.04847   0.08017         0    0.1286       139       416    0.8109    0.6285    0.6472    0.2438   0.05441   0.04366         0
   201/299      1.4G   0.04708   0.07851         0    0.1256       188       416    0.7639    0.5859    0.6092    0.2025   0.05872   0.04356         0
   202/299      1.4G   0.04694   0.07632         0    0.1233       175       416    0.7883    0.6121    0.6309    0.2026    0.0585   0.04458         0
   203/299      1.4G   0.04675   0.07856         0    0.1253       139       416    0.7346    0.6207    0.6166    0.1993    0.0584   0.04326         0
   204/299      1.4G   0.04668   0.07851         0    0.1252       204       416    0.7976    0.6121    0.6522    0.2118   0.05941   0.04335         0
   205/299      1.4G   0.04679   0.07879         0    0.1256       190       416    0.7978    0.6464     0.677     0.196   0.05832   0.04282         0
   206/299      1.4G   0.04633   0.07427         0    0.1206       156       416    0.7599    0.6547    0.6841    0.2249   0.05546   0.04216         0
   207/299      1.4G   0.04621   0.07837         0    0.1246       147       416    0.7196    0.6638    0.6638    0.2054   0.05817   0.04241         0
   208/299      1.4G    0.0465   0.07555         0    0.1221       151       416      0.76     0.655    0.6927    0.2447   0.05468   0.04217         0
   209/299      1.4G    0.0474   0.07594         0    0.1233       169       416    0.8062    0.6466    0.6999    0.2423   0.05557   0.04319         0
   210/299      1.4G   0.04655   0.07765         0    0.1242       144       416    0.8117    0.5947    0.6671    0.2342   0.05781   0.04214         0
   211/299      1.4G   0.04701   0.07624         0    0.1232       139       416     0.737    0.5862    0.6431    0.1981   0.06074   0.04285         0
   212/299      1.4G    0.0459   0.07629         0    0.1222       113       416    0.7235    0.6552    0.6626    0.1937   0.05894   0.04385         0
   213/299      1.4G   0.04602   0.07674         0    0.1228       147       416    0.8018    0.7328    0.7917    0.2766   0.05139   0.04245         0
   214/299      1.4G   0.04631   0.07648         0    0.1228       168       416    0.8333    0.6895    0.7799    0.2499   0.05387   0.04257         0
   215/299      1.4G   0.04673   0.07632         0    0.1231       146       416    0.7678    0.7412    0.7605    0.2569   0.05411    0.0426         0
   216/299      1.4G   0.04579   0.07513         0    0.1209       146       416    0.7225    0.7414    0.7351    0.2337   0.05501   0.04277         0
   217/299      1.4G   0.04629   0.07619         0    0.1225       166       416    0.7714    0.6981    0.7294    0.2359   0.05544    0.0431         0
   218/299      1.4G   0.04595    0.0766         0    0.1226       111       416     0.765    0.6466    0.6658    0.2206   0.05743   0.04348         0
   219/299      1.4G   0.04567   0.07336         0     0.119       120       416    0.8208    0.6712    0.7611    0.2635    0.0537   0.04266         0
   220/299      1.4G   0.04572   0.07642         0    0.1221       140       416     0.796    0.7065    0.7309    0.2867   0.05178   0.04256         0
   221/299      1.4G   0.04599   0.07566         0    0.1217       123       416    0.7495    0.6983    0.7077    0.2581   0.05449   0.04248         0
   222/299      1.4G   0.04581   0.07501         0    0.1208       171       416    0.7521    0.7328    0.7066    0.2591   0.05386   0.04346         0
   223/299      1.4G   0.04605   0.07835         0    0.1244       150       416    0.7558    0.6983    0.7245    0.2692   0.05352   0.04254         0
   224/299      1.4G   0.04556   0.07623         0    0.1218       141       416    0.7722     0.672    0.7211     0.244   0.05491   0.04336         0
   225/299      1.4G   0.04629   0.07689         0    0.1232       181       416    0.8264    0.6977     0.738    0.2504   0.05536   0.04276         0
   226/299      1.4G   0.04629    0.0803         0    0.1266       137       416    0.7187    0.7069    0.7039     0.252   0.05484   0.04278         0
   227/299      1.4G   0.04531   0.07391         0    0.1192       164       416    0.7546    0.6638    0.6607    0.2319   0.05693   0.04205         0
   228/299      1.4G   0.04541    0.0712         0    0.1166       147       416    0.7154    0.7155    0.7185    0.2421   0.05498   0.04257         0
   229/299      1.4G   0.04516   0.07372         0    0.1189       140       416    0.7801    0.6117     0.655     0.215   0.05797   0.04291         0
   230/299      1.4G   0.04543   0.07488         0    0.1203       156       416    0.7572    0.6207    0.6451    0.2225   0.05746   0.04325         0
   231/299      1.4G   0.04524   0.07678         0     0.122       163       416    0.7548    0.6379     0.691     0.252   0.05378    0.0427         0
   232/299      1.4G   0.04533   0.07345         0    0.1188       125       416    0.7653    0.6464    0.6642     0.228   0.05538   0.04317         0
   233/299      1.4G   0.04488    0.0731         0     0.118       192       416    0.7289    0.6724    0.6653    0.2239   0.05653   0.04292         0
   234/299      1.4G   0.04478   0.07231         0    0.1171       174       416    0.7551    0.6378    0.6655      0.23   0.05637   0.04259         0
   235/299      1.4G   0.04557   0.07745         0     0.123       107       416    0.7692      0.75    0.7612    0.2714   0.05261   0.04177         0
   236/299      1.4G   0.04546   0.07543         0    0.1209       204       416    0.8325    0.5997     0.671    0.2328   0.05751   0.04235         0
   237/299      1.4G   0.04443   0.07383         0    0.1183       167       416    0.7475    0.6638    0.6424    0.2102   0.05857   0.04398         0
   238/299      1.4G   0.04465   0.07165         0    0.1163       119       416    0.7428    0.6722    0.6714    0.2283   0.05716   0.04343         0
   239/299      1.4G   0.04497   0.07672         0    0.1217       150       416    0.7868    0.6724    0.6982    0.2306   0.05603   0.04358         0
   240/299      1.4G   0.04402    0.0732         0    0.1172       153       416     0.717    0.6552    0.6473    0.2087   0.05864   0.04333         0
   241/299      1.4G   0.04381   0.07313         0    0.1169       146       416    0.7642    0.6724    0.7174    0.2517   0.05465   0.04269         0
   242/299      1.4G   0.04456   0.07224         0    0.1168       150       416    0.7961    0.7068    0.7268    0.2628   0.05394   0.04273         0
   243/299      1.4G   0.04438   0.07204         0    0.1164       127       416    0.7699    0.6633    0.6868    0.2275   0.05638   0.04339         0
   244/299      1.4G   0.04437   0.07206         0    0.1164       195       416    0.7219    0.6724    0.6745    0.2221   0.05801    0.0432         0
   245/299      1.4G   0.04437   0.07412         0    0.1185       131       416    0.7368    0.7241    0.7026    0.2506   0.05518   0.04367         0
   246/299      1.4G   0.04499   0.07406         0     0.119       213       416    0.8102    0.6638    0.7005    0.2419   0.05562   0.04363         0
   247/299      1.4G   0.04447   0.07426         0    0.1187        95       416     0.745    0.6552    0.6524    0.2043   0.05984   0.04314         0
   248/299      1.4G   0.04444   0.07534         0    0.1198       154       416    0.8277    0.6626    0.6926    0.2176   0.05744   0.04253         0
   249/299      1.4G   0.04458    0.0753         0    0.1199       139       416    0.8188    0.6638    0.6924     0.249     0.056   0.04272         0
   250/299      1.4G   0.04417    0.0737         0    0.1179       122       416    0.7634    0.7241    0.7132    0.2511   0.05452   0.04331         0
   251/299      1.4G   0.04474   0.07492         0    0.1197       144       416    0.8041    0.6371    0.6544    0.2354   0.05722   0.04472         0
   252/299      1.4G     0.044   0.07193         0    0.1159       151       416    0.7856    0.6638    0.6635    0.2242    0.0564   0.04505         0
   253/299      1.4G   0.04405   0.07207         0    0.1161       121       416    0.8455    0.6638     0.719    0.2383   0.05555   0.04437         0
   254/299      1.4G   0.04398    0.0754         0    0.1194       188       416    0.7842    0.6897    0.6954    0.2552   0.05438   0.04417         0
   255/299      1.4G   0.04361   0.07098         0    0.1146       168       416    0.7522     0.681     0.687    0.2454   0.05571   0.04426         0
   256/299      1.4G   0.04435   0.07414         0    0.1185       135       416    0.7729    0.6466    0.6774    0.2358   0.05492   0.04388         0
   257/299      1.4G   0.04327   0.06973         0     0.113       149       416    0.7684    0.7155    0.7243    0.2535   0.05365   0.04434         0
   258/299      1.4G   0.04401   0.07547         0    0.1195       171       416    0.8144     0.681    0.7371    0.2632   0.05295   0.04459         0
   259/299      1.4G   0.04409   0.07719         0    0.1213       217       416    0.8259    0.6552    0.6631     0.227   0.05632   0.04441         0
   260/299      1.4G   0.04387   0.07003         0    0.1139       127       416    0.8349    0.6983    0.7346    0.2423   0.05465   0.04339         0
   261/299      1.4G    0.0439   0.07692         0    0.1208       267       416    0.7787    0.6978    0.6849    0.2425   0.05494   0.04324         0
   262/299      1.4G   0.04432   0.07798         0    0.1223       215       416    0.8317    0.7241    0.7591     0.273   0.05261    0.0428         0
   263/299      1.4G   0.04398   0.07557         0    0.1195       118       416    0.7849    0.6034    0.6524     0.219   0.05655   0.04351         0
   264/299      1.4G    0.0439   0.07535         0    0.1193       149       416     0.773    0.6466    0.6682    0.2143   0.05759   0.04346         0
   265/299      1.4G   0.04331   0.07315         0    0.1165       222       416    0.8432    0.6552    0.7134    0.2437   0.05521   0.04384         0
   266/299      1.4G    0.0437   0.07236         0    0.1161       182       416    0.7957    0.6724    0.7216    0.2543   0.05555   0.04213         0
   267/299      1.4G   0.04453   0.07592         0    0.1205       180       416    0.8617    0.6983     0.746    0.2488   0.05582   0.04286         0
   268/299      1.4G   0.04284   0.07188         0    0.1147       142       416    0.7731    0.6462     0.668    0.2384   0.05733   0.04391         0
   269/299      1.4G    0.0434   0.07318         0    0.1166       171       416     0.819    0.6724    0.7118    0.2437   0.05586   0.04413         0
   270/299      1.4G   0.04426    0.0743         0    0.1186       223       416    0.7685    0.7155    0.7211    0.2605    0.0556   0.04365         0
   271/299      1.4G   0.04324   0.07041         0    0.1136       134       416    0.7735    0.7065    0.6984    0.2414   0.05647   0.04472         0
   272/299      1.4G    0.0429   0.06918         0    0.1121       125       416    0.8155    0.7241    0.7427    0.2505   0.05587   0.04449         0
   273/299      1.4G   0.04431   0.07134         0    0.1157       125       416    0.8055    0.7496    0.7581    0.2793   0.05235   0.04384         0
   274/299      1.4G    0.0433   0.06874         0     0.112       119       416    0.8252    0.7323    0.7549    0.2701   0.05324   0.04338         0
   275/299      1.4G   0.04321   0.07239         0    0.1156       198       416    0.8155    0.7241    0.7671    0.2658   0.05441   0.04211         0
   276/299      1.4G   0.04358   0.07201         0    0.1156       102       416    0.7899     0.681    0.7233    0.2436   0.05441   0.04393         0
   277/299      1.4G   0.04216   0.06691         0    0.1091       130       416    0.8007    0.6638     0.704    0.2436   0.05556   0.04419         0
   278/299      1.4G     0.043   0.07115         0    0.1141       180       416    0.8313    0.6379    0.7183    0.2637   0.05475   0.04458         0
   279/299      1.4G    0.0418   0.06746         0    0.1093       152       416    0.8487    0.6293    0.6689    0.2408   0.05632   0.04393         0
   280/299      1.4G   0.04267   0.07008         0    0.1127       121       416    0.7421      0.75    0.7312    0.2607   0.05326   0.04406         0
   281/299      1.4G   0.04217   0.06761         0    0.1098       123       416    0.8598    0.6897    0.7584    0.2738    0.0527    0.0436         0
   282/299      1.4G   0.04201   0.06874         0    0.1107        70       416    0.7686    0.6897    0.7331    0.2645   0.05421   0.04347         0
   283/299      1.4G   0.04204   0.07273         0    0.1148       148       416    0.7999    0.6207    0.6838    0.2553    0.0562    0.0439         0
   284/299      1.4G   0.04308   0.07411         0    0.1172       131       416    0.7903    0.6552     0.659     0.214   0.05873   0.04372         0
   285/299      1.4G   0.04253   0.07212         0    0.1147       165       416    0.8283    0.7069    0.7267    0.2696   0.05377   0.04413         0
   286/299      1.4G   0.04229   0.06769         0      0.11       109       416    0.8316    0.7241    0.7614    0.2591   0.05459   0.04325         0
   287/299      1.4G   0.04213   0.07162         0    0.1138       157       416    0.8252    0.7328    0.7488    0.2774   0.05352   0.04383         0
   288/299      1.4G   0.04282   0.06946         0    0.1123       124       416    0.7861    0.6983    0.6825    0.2489   0.05647   0.04473         0
   289/299      1.4G   0.04274   0.07099         0    0.1137       142       416    0.8038    0.6724    0.6831    0.2528   0.05598   0.04457         0
   290/299      1.4G   0.04257    0.0697         0    0.1123       126       416    0.7604    0.7155    0.6936    0.2585   0.05482   0.04469         0
   291/299      1.4G   0.04148    0.0665         0     0.108       149       416    0.7821    0.6808    0.7035    0.2516   0.05577   0.04342         0
   292/299      1.4G   0.04283    0.0702         0     0.113       171       416     0.781    0.7069    0.7431    0.2777   0.05306   0.04406         0
   293/299      1.4G   0.04205   0.07365         0    0.1157       189       416    0.8144    0.6809    0.7221    0.2582   0.05395   0.04424         0
   294/299      1.4G   0.04199   0.07287         0    0.1149       158       416     0.713    0.7068    0.6957    0.2388    0.0574   0.04391         0
   295/299      1.4G   0.04154   0.07232         0    0.1139       128       416    0.7525    0.6552    0.6682    0.2153   0.05966   0.04472         0
   296/299      1.4G   0.04217    0.0701         0    0.1123       161       416    0.7978    0.6463    0.6859    0.2543    0.0568   0.04372         0
   297/299      1.4G   0.04161   0.06797         0    0.1096       151       416    0.7619    0.6895     0.696    0.2427   0.05701    0.0437         0
   298/299      1.4G   0.04199   0.07142         0    0.1134       174       416    0.7797    0.6724    0.7073    0.2611   0.05409   0.04394         0
   299/299      1.4G   0.04255   0.07241         0     0.115       157       416    0.8217    0.7155    0.7402    0.2613   0.05454   0.04461         0
