     0/299     1.79G     0.106   0.08825         0    0.1943       131       416    0.0105    0.3017  0.004496 0.0005766    0.0918   0.05609         0
     1/299     1.81G   0.09987   0.09892         0    0.1988       133       416    0.0108    0.3103  0.004682 0.0005852   0.08681   0.05927         0
     2/299     1.81G   0.09808    0.1022         0    0.2003       171       416    0.0111     0.319  0.005391 0.0006731   0.08522    0.0602         0
     3/299     1.81G   0.09697    0.1014         0    0.1984       163       416   0.01176    0.3362  0.007787 0.0009418    0.0843   0.06095         0
     4/299     1.81G   0.09578   0.09643         0    0.1922        96       416   0.01225    0.3017  0.005813  0.000762    0.0837   0.06165         0
     5/299     1.81G   0.09549   0.09894         0    0.1944       131       416    0.0135    0.2328  0.006358 0.0009239   0.08334   0.06221         0
     6/299     1.81G   0.09488   0.09749         0    0.1924       185       416   0.01225     0.319  0.005656 0.0007898   0.08302   0.06266         0
     7/299     1.81G   0.09508    0.1028         0    0.1978       142       416   0.01176     0.319  0.004697 0.0007502   0.08311   0.06284         0
     8/299     1.81G   0.09397   0.09897         0    0.1929       119       416   0.01336    0.1724  0.004937 0.0007103   0.08429    0.0622         0
     9/299     1.81G   0.09416    0.1014         0    0.1955       219       416   0.01166    0.2155  0.004537 0.0006957   0.08388   0.06253         0
    10/299     1.81G   0.09402     0.101         0     0.195       227       416  0.003596   0.02586 0.0002367 6.769e-05    0.1302   0.03612         0
    11/299     1.81G   0.09304    0.1028         0    0.1959       172       416  0.008868    0.2328  0.002768 0.0004869   0.09632   0.05495         0
    12/299     1.81G   0.09384    0.1019         0    0.1957       150       416   0.01319   0.01724 0.0008551   0.00012    0.1255   0.03553         0
    13/299     1.81G   0.09282   0.09808         0    0.1909       162       416   0.01278   0.02586  0.001916  0.000288    0.1149    0.0414         0
    14/299     1.81G   0.09316    0.1012         0    0.1944       105       416    0.0191   0.01724   0.00258 0.0004528    0.1055   0.04794         0
    15/299     1.81G   0.09251   0.09986         0    0.1924       139       416   0.01168    0.2414  0.004453 0.0007408   0.09105   0.05766         0
    16/299     1.81G    0.0926    0.1047         0    0.1973       126       416   0.01628    0.1121  0.007434 0.0009981     0.083   0.06337         0
    17/299     1.81G   0.09179   0.09941         0    0.1912       157       416    0.0103    0.4483  0.005115   0.00085   0.08274   0.06372         0
    18/299     1.81G   0.09169    0.1025         0    0.1942       106       416   0.01794   0.07759  0.006853  0.001065    0.0827   0.06341         0
    19/299     1.81G   0.09236    0.1013         0    0.1937       126       416   0.01521    0.1121  0.006955  0.001059   0.08361   0.06234         0
    20/299     1.81G   0.09179    0.1034         0    0.1952       126       416    0.0135    0.2414  0.006639 0.0009758   0.08274   0.06313         0
    21/299     1.81G   0.09131    0.1021         0    0.1934       133       416   0.02763    0.0431  0.008496  0.001462   0.08264   0.06251         0
    22/299     1.81G   0.09137   0.09729         0    0.1887       142       416   0.04801   0.05172   0.01488  0.002841    0.0822   0.06233         0
    23/299     1.81G   0.09123    0.0936         0    0.1848        89       416   0.03295   0.06897   0.01023  0.001643   0.08315   0.06077         0
    24/299     1.81G   0.09104   0.09771         0    0.1888       132       416   0.02628    0.1293   0.01399  0.002806   0.08388   0.05966         0
    25/299     1.81G   0.09046    0.1029         0    0.1933       152       416   0.07713    0.1121   0.02351  0.004394   0.08456   0.05654         0
    26/299     1.81G   0.08938   0.09427         0    0.1837       183       416   0.07639    0.1897   0.02772  0.004909   0.08197   0.05763         0
    27/299     1.81G   0.08818    0.1003         0    0.1885       142       416    0.2207    0.1638    0.1154   0.02067   0.07956   0.05679         0
    28/299     1.81G   0.08739   0.09476         0    0.1821       144       416   0.08611     0.368   0.05878   0.01085   0.07988   0.06157         0
    29/299     1.81G   0.08619   0.09451         0    0.1807       137       416    0.1206    0.3793   0.09459   0.02122   0.07809   0.05572         0
    30/299     1.81G   0.08472   0.09384         0    0.1786       181       416   0.06828    0.1466   0.02314  0.003939   0.08129   0.06699         0
    31/299     1.81G   0.08318   0.09312         0    0.1763       151       416   0.06047    0.2931   0.04314  0.008932   0.08056    0.1132         0
    32/299     1.81G   0.08177   0.09092         0    0.1727       167       416    0.0955    0.1293   0.03113  0.004807   0.08712   0.08966         0
    33/299     1.81G   0.08052   0.09051         0     0.171       137       416    0.1951    0.3017    0.1327   0.03194   0.07439   0.05651         0
    34/299     1.81G   0.07997    0.0935         0    0.1735       125       416   0.04409    0.2155   0.02388  0.003948   0.08101   0.05908         0
    35/299     1.81G   0.07805   0.09498         0     0.173       175       416    0.1615    0.1379    0.0559    0.0103   0.08344   0.06018         0
    36/299     1.81G   0.07695   0.09617         0    0.1731       149       416   0.01438    0.1466  0.005064 0.0008707    0.0955   0.05342         0
    37/299     1.81G   0.07626   0.09073         0     0.167       129       416   0.03204   0.06034  0.008875  0.001374   0.08727   0.05969         0
    38/299     1.81G   0.07546   0.09427         0    0.1697       148       416    0.1658   0.05172   0.02687    0.0056   0.08603   0.05841         0
    39/299     1.81G   0.07447   0.09399         0    0.1685       191       416   0.05121    0.1207   0.01691   0.00253   0.08298   0.06156         0
    40/299     1.81G   0.07464   0.09307         0    0.1677       173       416     0.261    0.2845    0.1518   0.02909   0.07436   0.05266         0
    41/299     1.81G     0.074   0.09494         0    0.1689       175       416     0.296    0.2755    0.1455   0.02572   0.07783   0.05204         0
    42/299     1.81G   0.07523   0.09797         0    0.1732       168       416   0.08848    0.1034   0.02147  0.003639   0.09143   0.05291         0
    43/299     1.81G   0.07516    0.0956         0    0.1708       203       416    0.2202    0.2414    0.1051   0.02146   0.07519    0.0613         0
    44/299     1.81G   0.07153   0.09559         0    0.1671       120       416    0.1847    0.1121   0.04581   0.01188   0.08325   0.06145         0
    45/299     1.81G   0.07331   0.09437         0    0.1677       160       416    0.4279    0.3611    0.2712   0.06015    0.0687   0.05363         0
    46/299     1.81G   0.07075   0.09293         0    0.1637       165       416     0.277    0.3276    0.1843   0.04504   0.07273   0.05409         0
    47/299     1.81G    0.0693   0.09105         0    0.1604       126       416   0.07029    0.2759   0.03342  0.006123   0.08781   0.05524         0
    48/299     1.81G   0.07118   0.09245         0    0.1636       152       416    0.3131    0.2672    0.1511   0.03118   0.07788   0.05879         0
    49/299     1.81G   0.06809    0.0921         0    0.1602       129       416    0.1156    0.2414   0.05901   0.01117   0.08302   0.06516         0
    50/299     1.81G   0.06893   0.09253         0    0.1615       131       416     0.441    0.4216    0.3081   0.08924    0.0672   0.05061         0
    51/299     1.81G   0.06862   0.09532         0    0.1639       141       416    0.3811    0.3621    0.2889   0.07667   0.06723   0.05636         0
    52/299     1.81G   0.06817   0.08804         0    0.1562       113       416     0.403    0.3966    0.3026   0.07969   0.06632   0.05332         0
    53/299     1.81G   0.06506   0.09192         0     0.157       129       416    0.2787    0.3534    0.1939   0.05163   0.07191   0.05617         0
    54/299     1.81G   0.06635   0.09029         0    0.1566       113       416   0.08795    0.3621   0.04214  0.009976   0.08204   0.06206         0
    55/299     1.81G   0.06366   0.08677         0    0.1504       107       416    0.0889    0.2845   0.04064  0.008945   0.08473   0.05823         0
    56/299     1.81G   0.06575    0.0855         0    0.1512       162       416    0.5566    0.4655     0.412   0.08967   0.06263   0.04993         0
    57/299     1.81G   0.06371   0.08944         0    0.1532       102       416    0.3805    0.5086    0.3836    0.1085   0.06466   0.04716         0
    58/299     1.81G   0.06337   0.09147         0    0.1548       125       416    0.6581    0.5517    0.5481    0.1483   0.06023   0.04789         0
    59/299     1.81G   0.06378   0.08838         0    0.1522       145       416    0.3877    0.3276    0.2492   0.05087   0.06887   0.05219         0
    60/299     1.81G   0.06146   0.08871         0    0.1502       103       416     0.553    0.4907    0.4181   0.09824   0.06547    0.0486         0
    61/299     1.81G   0.06238   0.08839         0    0.1508       133       416    0.5681    0.6466    0.5508    0.1648   0.05833   0.04908         0
    62/299     1.81G   0.06286   0.09289         0    0.1558       174       416    0.6378    0.6552    0.6054     0.189   0.05489   0.04896         0
    63/299     1.81G   0.06248   0.08725         0    0.1497       114       416    0.6467     0.569    0.5517    0.1949   0.05589   0.04752         0
    64/299     1.81G   0.06051   0.08911         0    0.1496       178       416    0.5832    0.5428    0.5369    0.1405   0.05871   0.04548         0
    65/299     1.81G   0.06027   0.08995         0    0.1502       139       416    0.6181    0.5862    0.5492    0.1703     0.058   0.04762         0
    66/299     1.81G   0.06066   0.08888         0    0.1495       121       416    0.5542    0.4828    0.4591    0.1516   0.06079   0.04988         0
    67/299     1.81G   0.05902    0.0897         0    0.1487       143       416    0.5928    0.6293    0.5609    0.1917   0.05389   0.04989         0
    68/299     1.81G   0.06028    0.0894         0    0.1497       155       416     0.661    0.7061     0.662    0.2583   0.05053   0.04799         0
    69/299     1.81G   0.06133   0.08799         0    0.1493       120       416    0.6111    0.7316    0.6667    0.2482   0.05109   0.04627         0
    70/299     1.81G   0.05972   0.08844         0    0.1482       146       416    0.6423    0.6207    0.6039    0.2101   0.05363   0.04838         0
    71/299     1.81G   0.06007   0.08829         0    0.1484       103       416    0.6807     0.681    0.6293    0.2324   0.05188   0.04633         0
    72/299     1.81G   0.05894   0.08793         0    0.1469       158       416    0.5898    0.3362    0.3138   0.06782   0.06911   0.05212         0
    73/299     1.81G   0.05809   0.08818         0    0.1463       146       416    0.5508    0.6034     0.488     0.151   0.05705   0.05355         0
    74/299     1.81G   0.05754   0.08458         0    0.1421       126       416    0.6184    0.5168    0.5175     0.147   0.06022   0.04695         0
    75/299     1.81G   0.05795    0.0876         0    0.1456       155       416    0.5939    0.5431     0.527    0.1533   0.06076   0.04585         0
    76/299     1.81G   0.05784   0.08757         0    0.1454       120       416    0.6947    0.5689    0.5905    0.1929   0.05552   0.04807         0
    77/299     1.81G   0.05804   0.08922         0    0.1473       169       416    0.5102    0.6121    0.5217    0.1884   0.05516   0.04739         0
    78/299     1.81G   0.05779   0.08378         0    0.1416       154       416    0.4755     0.422    0.3782   0.09479   0.06563   0.04713         0
    79/299     1.81G   0.05816   0.08835         0    0.1465       187       416    0.6307    0.5603    0.5364    0.1727   0.05826   0.04542         0
    80/299     1.81G     0.056   0.08641         0    0.1424       119       416    0.6631    0.5599    0.5522    0.1792    0.0586   0.04702         0
    81/299     1.81G   0.05661   0.08683         0    0.1434       136       416    0.7165    0.7414    0.6682    0.2347   0.05235   0.04741         0
    82/299     1.81G   0.05502    0.0806         0    0.1356       151       416    0.4916    0.5085    0.4244    0.1189   0.06287   0.04665         0
    83/299     1.81G    0.0569   0.08297         0    0.1399       192       416    0.6841    0.6552     0.635    0.2026   0.05215   0.04581         0
    84/299     1.81G   0.05881    0.0863         0    0.1451       153       416    0.6552    0.6724    0.6389    0.2282   0.05017   0.04433         0
    85/299     1.81G   0.05635   0.08695         0    0.1433       162       416    0.5957    0.6121    0.5605    0.2121   0.05436   0.04459         0
    86/299     1.81G   0.05601   0.08745         0    0.1435       219       416    0.6635    0.5948    0.5894    0.1753   0.05651   0.04473         0
    87/299     1.81G   0.05513   0.08701         0    0.1421       144       416    0.6334    0.6106    0.5957    0.1499   0.05795   0.04445         0
    88/299     1.81G   0.05564   0.08919         0    0.1448       189       416     0.601    0.5862    0.5513    0.1644   0.05815   0.04681         0
    89/299     1.81G   0.05527   0.08414         0    0.1394       144       416    0.6508    0.6466    0.6218    0.2215   0.05234   0.04594         0
    90/299     1.81G   0.05653   0.08424         0    0.1408       149       416    0.6568    0.7753    0.6806    0.2529   0.04979   0.04431         0
    91/299     1.81G   0.05595   0.08716         0    0.1431       188       416    0.4928    0.3016    0.2965    0.1006   0.07009   0.04855         0
    92/299     1.81G   0.05467   0.08385         0    0.1385        93       416    0.6147    0.7152    0.6504    0.2424   0.05201   0.04842         0
    93/299     1.81G   0.05441   0.08432         0    0.1387       185       416     0.645    0.6121    0.6105    0.1829   0.05623   0.04674         0
    94/299     1.81G   0.05358   0.08326         0    0.1368       128       416    0.6628    0.5776    0.5673    0.1485   0.05948    0.0438         0
    95/299     1.81G   0.05275   0.08509         0    0.1378       213       416    0.6723    0.6724    0.6204    0.2263   0.05305   0.04426         0
    96/299     1.81G   0.05378   0.08666         0    0.1404       168       416    0.7547    0.6897    0.7249     0.269   0.04986   0.04348         0
    97/299     1.81G   0.05329   0.07823         0    0.1315       100       416    0.7049    0.6207    0.6478    0.2164   0.05293   0.04478         0
    98/299     1.81G   0.05311   0.08438         0    0.1375       124       416    0.6874    0.6466    0.6216    0.2218    0.0555   0.04365         0
    99/299     1.81G   0.05438   0.08578         0    0.1402       113       416    0.7274    0.6724    0.6738    0.2327   0.05365   0.04457         0
   100/299     1.81G   0.05338   0.08248         0    0.1359       135       416    0.6422    0.6808    0.6379    0.2255   0.05432   0.04266         0
   101/299     1.81G   0.05288   0.08273         0    0.1356       154       416       0.6    0.6724    0.6226    0.2022   0.05583   0.04286         0
   102/299     1.81G    0.0539   0.08281         0    0.1367       123       416    0.6554    0.6722     0.665    0.1984   0.05473   0.04307         0
   103/299     1.81G   0.05286   0.08282         0    0.1357       137       416     0.708    0.7328    0.6881    0.2786   0.04803   0.04663         0
   104/299     1.81G   0.05352   0.08172         0    0.1352       150       416    0.7497    0.7489    0.7089    0.2514   0.04982   0.04238         0
   105/299     1.81G   0.05245   0.08022         0    0.1327       164       416     0.616    0.7052    0.6374    0.2163   0.05214   0.04388         0
   106/299     1.81G   0.05298   0.08049         0    0.1335       201       416     0.661    0.6897    0.6496    0.2308   0.05098   0.04486         0
   107/299     1.81G   0.05209   0.07978         0    0.1319       105       416    0.7207    0.6293    0.6372    0.1934   0.05592   0.04535         0
   108/299     1.81G   0.05155   0.08153         0    0.1331       169       416    0.6954    0.6693    0.6737     0.218   0.05491   0.04236         0
   109/299     1.81G   0.05247   0.08227         0    0.1347       138       416    0.7545    0.7152    0.7541    0.3111   0.04675   0.04123         0
   110/299     1.81G   0.05382   0.08047         0    0.1343       149       416    0.6595    0.8016    0.6933    0.2519   0.05145   0.04178         0
   111/299     1.81G   0.05181    0.0833         0    0.1351       159       416    0.7908      0.75    0.7372    0.2729   0.05052   0.04071         0
   112/299     1.81G   0.05157   0.07838         0    0.1299       178       416    0.6776    0.7067    0.6251    0.1971   0.05595   0.04179         0
   113/299     1.81G   0.05197   0.08244         0    0.1344       117       416    0.7698    0.7497    0.7161    0.2634   0.04961     0.041         0
   114/299     1.81G   0.05203   0.07687         0    0.1289       135       416    0.7165    0.7843    0.7177    0.2727   0.04909   0.04126         0
   115/299     1.81G   0.05123    0.0811         0    0.1323       159       416     0.784    0.5946    0.6749    0.2471   0.05149   0.04384         0
   116/299     1.81G   0.04956   0.07446         0     0.124       165       416    0.7451    0.7069    0.6864    0.2589   0.05075   0.04261         0
   117/299     1.81G   0.05151   0.08491         0    0.1364       139       416    0.6969    0.7155    0.7094    0.2994   0.04839   0.04304         0
   118/299     1.81G   0.05053   0.08393         0    0.1345       133       416    0.6181    0.6983    0.6353     0.214   0.05537   0.04108         0
   119/299     1.81G   0.05018   0.07918         0    0.1294       135       416    0.7255    0.7328    0.6929    0.2424   0.04985    0.0417         0
   120/299     1.81G   0.05051    0.0771         0    0.1276       162       416    0.6864    0.6983    0.6528    0.2395   0.05245   0.04135         0
   121/299     1.81G    0.0504   0.08024         0    0.1306       168       416    0.7883    0.7414    0.7448    0.2884   0.04826   0.04067         0
   122/299     1.81G   0.04909   0.07852         0    0.1276       176       416    0.7217    0.7414    0.7249    0.2592   0.05079   0.03978         0
   123/299     1.81G   0.05102   0.08282         0    0.1338       218       416    0.6639    0.7155    0.6568    0.2214   0.05329   0.04088         0
   124/299     1.81G   0.05026   0.07426         0    0.1245       119       416    0.6947    0.7063    0.6809    0.2231   0.05222   0.04104         0
   125/299     1.81G   0.05039     0.079         0    0.1294       126       416    0.7063    0.7048    0.6983    0.2307    0.0536   0.04106         0
   126/299     1.81G   0.04974   0.08066         0    0.1304        92       416    0.7153    0.7581    0.7126    0.2568    0.0509   0.04225         0
   127/299     1.81G   0.05003   0.08046         0    0.1305       143       416     0.764    0.6983    0.7128    0.2787   0.04842   0.04506         0
   128/299     1.81G   0.04845    0.0765         0    0.1249       137       416    0.7237    0.6552    0.6578    0.2408   0.05305   0.04075         0
   129/299     1.81G   0.05014   0.07623         0    0.1264       122       416    0.7523    0.7069    0.7093    0.2602   0.05163   0.04061         0
   130/299     1.81G   0.04934   0.07998         0    0.1293       183       416    0.7103    0.6983    0.6709    0.2239   0.05239   0.04212         0
   131/299     1.81G   0.04919   0.08069         0    0.1299       128       416    0.6989    0.6204    0.6368    0.2056   0.05672   0.04209         0
   132/299     1.81G    0.0486   0.07661         0    0.1252       113       416    0.6991     0.741    0.7343     0.249   0.05049   0.04158         0
   133/299     1.81G   0.04938    0.0782         0    0.1276       144       416    0.6482    0.6207    0.5964    0.1626   0.05854   0.03975         0
   134/299     1.81G   0.05011   0.07433         0    0.1244       150       416    0.7624      0.75    0.7359    0.2469   0.05123      0.04         0
   135/299     1.81G   0.04887   0.07725         0    0.1261       147       416    0.6755    0.5948     0.626    0.1997    0.0557   0.03953         0
   136/299     1.81G   0.04801   0.07448         0    0.1225        77       416     0.745      0.68    0.7304     0.262   0.04921   0.04008         0
   137/299     1.81G   0.04841   0.07445         0    0.1229       153       416    0.7456    0.6638    0.6851    0.2608   0.05135   0.04113         0
   138/299     1.81G    0.0487    0.0773         0     0.126       179       416    0.7441    0.8272    0.7516    0.3068   0.04587   0.03974         0
   139/299     1.81G     0.048   0.07651         0    0.1245       147       416    0.7717    0.7578    0.7748    0.2829    0.0484   0.03913         0
   140/299     1.81G   0.04761   0.07628         0    0.1239       134       416    0.7426    0.7241    0.7522    0.2833   0.04938   0.04235         0
   141/299     1.81G   0.04776   0.07217         0    0.1199       185       416    0.6616    0.7584     0.633     0.215   0.05433   0.04241         0
   142/299     1.81G   0.04859   0.07492         0    0.1235       102       416    0.6858    0.7152    0.6352    0.2303   0.05383   0.04107         0
   143/299     1.81G   0.04764   0.07421         0    0.1218       158       416    0.6324    0.6293    0.5954    0.2246   0.05459   0.04109         0
   144/299     1.81G   0.04759   0.07457         0    0.1222       122       416     0.686    0.6034     0.592    0.1886   0.05904   0.04061         0
   145/299     1.81G   0.04705   0.07333         0    0.1204       159       416    0.7747    0.7414    0.7186    0.2969   0.04966   0.03993         0
   146/299     1.81G   0.04809   0.07672         0    0.1248        83       416    0.7625     0.775    0.7406    0.2898   0.04853   0.04097         0
   147/299     1.81G   0.04672   0.07644         0    0.1232       106       416    0.6356    0.6466    0.5731     0.193   0.05588   0.04142         0
   148/299     1.81G   0.04814   0.07271         0    0.1209       113       416    0.8201    0.6286     0.679    0.2252   0.05372   0.04067         0
   149/299     1.81G   0.04639   0.07668         0    0.1231       173       416    0.7963    0.7413    0.7431    0.2796   0.05008   0.03994         0
   150/299     1.81G   0.04651   0.07459         0    0.1211       133       416    0.7537    0.6897    0.6793    0.2602   0.05069   0.04038         0
   151/299     1.81G    0.0451   0.07042         0    0.1155       136       416    0.7345    0.7241     0.716    0.2961   0.04799   0.04048         0
   152/299     1.81G   0.04678   0.07492         0    0.1217       196       416    0.7401    0.8345    0.7954    0.3125   0.04664   0.03978         0
   153/299     1.81G    0.0469     0.075         0    0.1219       126       416    0.7746    0.7408    0.7241    0.2685    0.0495   0.03844         0
   154/299     1.81G   0.04748   0.07624         0    0.1237       136       416    0.7272    0.7155     0.654    0.2453   0.04991   0.04061         0
   155/299     1.81G   0.04685   0.07399         0    0.1208       198       416    0.7034    0.7155    0.7292    0.2628   0.05095   0.04524         0
   156/299     1.81G   0.04697   0.07432         0    0.1213       166       416    0.7657    0.7324    0.7553    0.2979   0.04811   0.04184         0
   157/299     1.81G   0.04613   0.07511         0    0.1212       116       416    0.7497    0.7759    0.7644    0.3064   0.04833   0.04044         0
   158/299     1.81G   0.04584   0.07324         0    0.1191       170       416    0.7001    0.7672    0.6899    0.2733   0.05129   0.03941         0
   159/299     1.81G   0.04628   0.07346         0    0.1197       155       416    0.7153    0.8447    0.7273    0.3009    0.0479   0.03906         0
   160/299     1.81G   0.04547   0.07364         0    0.1191       141       416     0.752    0.8103    0.7407    0.3131   0.04681   0.03824         0
   161/299     1.81G    0.0462   0.07324         0    0.1194       151       416    0.7643    0.7328    0.7384    0.2956   0.04954     0.038         0
   162/299     1.81G   0.04611      0.07         0    0.1161       120       416    0.7433     0.724    0.7116    0.2529   0.05215   0.03962         0
   163/299     1.81G   0.04611   0.07529         0    0.1214       146       416    0.7684    0.6897    0.6883    0.2745   0.05119   0.04025         0
   164/299     1.81G   0.04537   0.07741         0    0.1228       172       416    0.7745    0.6808    0.6871    0.2688   0.05015   0.04048         0
   165/299     1.81G    0.0453   0.07231         0    0.1176       114       416    0.6612    0.7067    0.6712      0.26   0.05254   0.03956         0
   166/299     1.81G   0.04476    0.0702         0     0.115       138       416    0.6611    0.6896    0.6268    0.2161    0.0557   0.04058         0
   167/299     1.81G   0.04628   0.07123         0    0.1175       107       416    0.7112     0.681    0.6526    0.2139   0.05395    0.0392         0
   168/299     1.81G   0.04519   0.06982         0     0.115       115       416    0.7542    0.7672    0.7279    0.2926   0.04841   0.03912         0
   169/299     1.81G   0.04504   0.07388         0    0.1189       166       416    0.7943    0.7658    0.7915    0.3075   0.04721   0.03946         0
   170/299     1.81G   0.04537   0.07181         0    0.1172       133       416    0.7881    0.8017    0.8099    0.3014   0.04792   0.03851         0
   171/299     1.81G   0.04515   0.07485         0      0.12       207       416    0.7564    0.7496    0.7251    0.3022   0.04885   0.04044         0
   172/299     1.81G   0.04553    0.0723         0    0.1178       130       416    0.7035    0.6545    0.6763    0.2394   0.05414   0.04029         0
   173/299     1.81G    0.0461   0.07384         0    0.1199       122       416     0.709    0.6722    0.6822     0.258   0.05102   0.03986         0
   174/299     1.81G    0.0456   0.07056         0    0.1162       155       416    0.7476     0.766    0.7461    0.2418   0.05243   0.03891         0
   175/299     1.81G   0.04484   0.07373         0    0.1186       155       416    0.7213    0.7586    0.7113    0.2679   0.05033   0.03989         0
   176/299     1.81G   0.04406   0.07251         0    0.1166       207       416    0.7843    0.6894    0.7137    0.2531   0.05268   0.03998         0
   177/299     1.81G    0.0444    0.0712         0    0.1156       146       416    0.7747    0.7412    0.7463    0.2979   0.04969   0.03968         0
   178/299     1.81G   0.04448   0.07162         0    0.1161       158       416    0.7807    0.7414    0.7561    0.3299   0.04769   0.03837         0
   179/299     1.81G   0.04434   0.07057         0    0.1149       159       416    0.7555    0.8526    0.7682    0.3176   0.04631    0.0386         0
   180/299     1.81G   0.04466   0.07318         0    0.1178       186       416    0.7727    0.7327    0.7027    0.2774   0.04894   0.03956         0
   181/299     1.81G   0.04417    0.0705         0    0.1147       150       416    0.7438    0.7757     0.703    0.2472   0.05119   0.03989         0
   182/299     1.81G   0.04513   0.07079         0    0.1159       165       416    0.7118    0.7666    0.7146    0.2409   0.05243   0.04015         0
   183/299     1.81G   0.04454   0.07111         0    0.1156       108       416    0.7419    0.7931     0.755    0.2806   0.05038   0.03928         0
   184/299     1.81G   0.04379   0.07036         0    0.1141       125       416    0.7651    0.7586    0.7614    0.2825   0.04997   0.03897         0
   185/299     1.81G   0.04414   0.07244         0    0.1166       149       416    0.7947    0.8017    0.7906    0.3354   0.04586   0.03852         0
   186/299     1.81G   0.04318   0.06858         0    0.1118       187       416    0.8272    0.7844     0.804    0.3273   0.04753   0.03879         0
   187/299     1.81G   0.04327   0.07371         0     0.117       148       416    0.8199    0.7065    0.7484    0.2807   0.05077   0.04167         0
   188/299     1.81G   0.04352   0.06791         0    0.1114       126       416    0.7327    0.7326    0.7194    0.2784   0.05127    0.0396         0
   189/299     1.81G   0.04422    0.0713         0    0.1155       139       416    0.7377    0.7758    0.7476    0.2513   0.05242   0.03946         0
   190/299     1.81G    0.0449   0.07297         0    0.1179       166       416    0.7981    0.7499    0.7513     0.285   0.04895   0.03949         0
   191/299     1.81G   0.04366   0.07051         0    0.1142        96       416    0.7833    0.8103    0.7847    0.3068   0.04758   0.03811         0
   192/299     1.81G   0.04379   0.07383         0    0.1176       174       416     0.728    0.7155     0.727    0.2796   0.04968   0.04007         0
   193/299     1.81G   0.04291   0.07009         0     0.113       158       416    0.7993    0.7241    0.7605    0.2997   0.05042   0.03874         0
   194/299     1.81G   0.04372   0.06635         0    0.1101       175       416    0.8235     0.724    0.7415    0.2866   0.04988    0.0382         0
   195/299     1.81G   0.04297   0.07019         0    0.1132       142       416    0.7583    0.7844    0.7688     0.334   0.04737   0.03795         0
   196/299     1.81G   0.04271   0.06813         0    0.1108       129       416    0.7779    0.7586    0.7602    0.2979    0.0499    0.0382         0
   197/299     1.81G     0.043   0.07084         0    0.1138       187       416    0.7422    0.8189     0.758    0.2894    0.0503   0.03859         0
   198/299     1.81G   0.04262   0.07073         0    0.1134       135       416    0.7816    0.7414     0.788    0.3073   0.04806   0.03887         0
   199/299     1.81G   0.04323   0.07195         0    0.1152       137       416     0.819    0.7413    0.7662    0.3116    0.0472   0.03832         0
   200/299     1.81G   0.04267   0.06966         0    0.1123       170       416    0.7849    0.7241    0.7237    0.3003   0.04902   0.03983         0
   201/299     1.81G   0.04218    0.0679         0    0.1101       150       416    0.7559      0.75    0.6907    0.2785   0.04966   0.04005         0
   202/299     1.81G   0.04253   0.07008         0    0.1126       181       416      0.72    0.7758    0.6974    0.2716    0.0504   0.03908         0
   203/299     1.81G   0.04259   0.06805         0    0.1106       104       416    0.7606    0.7668     0.744    0.2641   0.05025   0.03954         0
   204/299     1.81G   0.04227   0.07089         0    0.1132       183       416    0.7257    0.7328    0.7073    0.2588   0.05241   0.04088         0
   205/299     1.81G   0.04224   0.07315         0    0.1154       180       416    0.7627    0.7757     0.798    0.3056   0.04877   0.04011         0
   206/299     1.81G   0.04207   0.06967         0    0.1117       156       416    0.8378     0.757    0.8111    0.3208   0.04787   0.03878         0
   207/299     1.81G   0.04202   0.06965         0    0.1117       134       416    0.7818      0.75    0.7801    0.3087    0.0492   0.03884         0
   208/299     1.81G   0.04198   0.06312         0    0.1051       154       416     0.747    0.7672    0.7659    0.3037   0.04899   0.03797         0
   209/299     1.81G   0.04208   0.07225         0    0.1143       155       416    0.8399    0.7241    0.7787    0.3314   0.04773   0.03787         0
   210/299     1.81G   0.04199   0.06998         0     0.112       142       416    0.7565      0.75    0.7574    0.2907   0.04947    0.0391         0
   211/299     1.81G   0.04273   0.07028         0     0.113       127       416    0.7913    0.7844    0.8019    0.3384   0.04558   0.04006         0
   212/299     1.81G   0.04147   0.06552         0     0.107        99       416    0.7766    0.6897    0.7315    0.2912   0.04983    0.0393         0
   213/299     1.81G   0.04117   0.06432         0    0.1055       162       416    0.8207    0.7497    0.7948    0.3255   0.04752   0.03899         0
   214/299     1.81G   0.04159   0.06825         0    0.1098       152       416    0.7856    0.7582    0.7694    0.2849   0.04953   0.03783         0
   215/299     1.81G   0.04152   0.06915         0    0.1107       161       416    0.8141     0.793    0.8015    0.3215   0.04696   0.03801         0
   216/299     1.81G   0.04188   0.06629         0    0.1082       160       416    0.8196    0.7845    0.7908     0.295    0.0496   0.03906         0
   217/299     1.81G   0.04316   0.07034         0    0.1135       165       416    0.8328    0.6873    0.7492    0.2875   0.05146   0.04111         0
   218/299     1.81G   0.04103   0.06525         0    0.1063        93       416    0.8108    0.7414     0.766    0.2882   0.05072   0.03981         0
   219/299     1.81G   0.04018   0.06532         0    0.1055       122       416    0.7408    0.7414    0.7219    0.2497   0.05302   0.04033         0
   220/299     1.81G   0.04117   0.06304         0    0.1042       135       416     0.664    0.8017    0.7193    0.2638   0.05079   0.03957         0
   221/299     1.81G   0.04128   0.06921         0    0.1105       147       416    0.8054    0.7495     0.778    0.3223   0.04765   0.03805         0
   222/299     1.81G   0.04174   0.06805         0    0.1098       129       416    0.7876    0.7672    0.7687    0.3238   0.04812   0.03836         0
   223/299     1.81G   0.04151   0.06798         0    0.1095       138       416    0.8662    0.7845    0.8072    0.3565   0.04605   0.03846         0
   224/299     1.81G   0.04104   0.06631         0    0.1073       116       416    0.7825    0.7759    0.7567    0.2979   0.05019    0.0391         0
   225/299     1.81G   0.04083   0.06817         0     0.109       201       416    0.8462    0.7155      0.77     0.317   0.04939   0.03964         0
   226/299     1.81G   0.04076   0.06682         0    0.1076       123       416    0.8165    0.7672      0.79    0.3372   0.04735    0.0395         0
   227/299     1.81G   0.04074   0.06671         0    0.1074       148       416     0.756    0.8014     0.797    0.3109   0.05024   0.03889         0
   228/299     1.81G   0.04059   0.06334         0    0.1039       147       416       0.8    0.7585     0.755    0.3065   0.04851    0.0383         0
   229/299     1.81G   0.04047   0.06506         0    0.1055       166       416    0.7959    0.7414    0.7842    0.2878   0.05008   0.03853         0
   230/299     1.81G   0.04074   0.06797         0    0.1087       108       416    0.7752    0.7759    0.7757    0.2963   0.04964   0.03916         0
   231/299     1.81G   0.04024   0.06745         0    0.1077       140       416    0.8113    0.7412    0.7765    0.2887    0.0504   0.03915         0
   232/299     1.81G   0.04069   0.06606         0    0.1068       124       416    0.8558    0.7672    0.8231    0.3305   0.04703   0.03763         0
   233/299     1.81G   0.04069   0.06645         0    0.1071       157       416    0.7908      0.75    0.7739    0.3235   0.04854   0.03777         0
   234/299     1.81G   0.03996   0.06592         0    0.1059       161       416    0.8381    0.7584    0.7977    0.3329   0.04818   0.03853         0
   235/299     1.81G   0.04008   0.06849         0    0.1086       122       416    0.8348    0.7842     0.824    0.3401   0.04754   0.03805         0
   236/299     1.81G   0.04018   0.06268         0    0.1029       157       416     0.768    0.8275    0.8112    0.3217    0.0487   0.03739         0
   237/299     1.81G    0.0412   0.06367         0    0.1049       110       416    0.7748    0.8017    0.8063    0.3279   0.04872   0.03763         0
   238/299     1.81G   0.03951   0.06218         0    0.1017       112       416    0.7699    0.7499     0.746    0.2745   0.05279   0.03866         0
   239/299     1.81G   0.03996   0.06439         0    0.1043       127       416    0.7476    0.7931    0.7677    0.2943   0.05027   0.04039         0
   240/299     1.81G   0.03944   0.06279         0    0.1022       122       416    0.8285    0.7496    0.7909    0.3377    0.0475   0.03816         0
   241/299     1.81G   0.03962   0.06789         0    0.1075       139       416    0.8155    0.7241    0.7682    0.3085   0.04886   0.03991         0
   242/299     1.81G   0.03969   0.06628         0     0.106       166       416    0.8285      0.75    0.7911     0.323   0.04684   0.03797         0
   243/299     1.81G   0.04034   0.06539         0    0.1057       129       416    0.8495    0.7328    0.7967    0.3216   0.04859   0.03837         0
   244/299     1.81G   0.03961   0.06689         0    0.1065       153       416    0.8556    0.7152    0.7793    0.3355   0.04778    0.0379         0
   245/299     1.81G    0.0397    0.0649         0    0.1046       112       416    0.7709    0.7845    0.7788    0.3215   0.04843   0.03791         0
   246/299     1.81G   0.04004   0.06702         0    0.1071       193       416    0.7903    0.7155    0.7396    0.2965   0.05098   0.03979         0
   247/299     1.81G   0.03982   0.06622         0     0.106       108       416    0.7827    0.7155    0.7433    0.3152   0.04929   0.03929         0
   248/299     1.81G   0.03949   0.06542         0    0.1049       137       416    0.7818    0.7413    0.7683     0.327   0.04885   0.03829         0
   249/299     1.81G   0.03988   0.06557         0    0.1055       149       416    0.8602    0.6895     0.756    0.2984   0.05055   0.03838         0
   250/299     1.81G    0.0403    0.0653         0    0.1056       126       416    0.7821    0.7759    0.7961    0.3364    0.0475   0.03868         0
   251/299     1.81G   0.03963   0.06426         0    0.1039       191       416    0.8542    0.6897    0.7471    0.2977    0.0503   0.03929         0
   252/299     1.81G   0.03954   0.06159         0    0.1011       141       416    0.8187    0.7414    0.7498    0.3124   0.04862    0.0387         0
   253/299     1.81G   0.03879   0.06196         0    0.1008       107       416    0.7806    0.7672    0.7813    0.3064   0.04828   0.03777         0
   254/299     1.81G   0.03998   0.06665         0    0.1066       139       416    0.7829     0.715    0.7226    0.2721    0.0519   0.03904         0
   255/299     1.81G   0.03922   0.06081         0       0.1       161       416    0.8137    0.7153    0.7465    0.2772   0.05143    0.0396         0
   256/299     1.81G   0.03987   0.06516         0     0.105       114       416    0.8034    0.7759    0.7983    0.3132   0.04874   0.03777         0
   257/299     1.81G   0.03892   0.06245         0    0.1014       111       416    0.8069    0.7931    0.7935    0.3193   0.04757   0.03879         0
   258/299     1.81G   0.03943   0.06436         0    0.1038       123       416    0.8381    0.7584    0.8029    0.3376   0.04599   0.04038         0
   259/299     1.81G   0.03892   0.06753         0    0.1064       205       416    0.7928    0.7586    0.8129    0.3425   0.04677   0.03935         0
   260/299     1.81G   0.03888   0.06163         0    0.1005       126       416    0.8453    0.7068    0.7795     0.305   0.04937   0.03927         0
   261/299     1.81G    0.0395   0.06473         0    0.1042       260       416    0.8188    0.7414    0.7836    0.3179   0.04866    0.0397         0
   262/299     1.81G   0.03923   0.06593         0    0.1052       191       416    0.7471    0.7672    0.7637    0.2911   0.05051   0.03998         0
   263/299     1.81G   0.03909   0.06438         0    0.1035       107       416     0.798    0.7155    0.7589    0.2931   0.04997   0.03911         0
   264/299     1.81G   0.03866   0.06451         0    0.1032       136       416    0.8053      0.75    0.7894    0.2959   0.04977   0.03947         0
   265/299     1.81G   0.03863   0.06394         0    0.1026       206       416    0.8269    0.7414    0.8019    0.3091   0.04908   0.03912         0
   266/299     1.81G   0.03888   0.06229         0    0.1012       158       416     0.796    0.7065    0.7369    0.2773   0.05201   0.03935         0
   267/299     1.81G   0.03997   0.06531         0    0.1053       140       416    0.8016    0.8017    0.8264    0.3317   0.04699   0.03798         0
   268/299     1.81G   0.03846   0.06253         0     0.101       133       416    0.8018    0.7672     0.769    0.3143   0.04909   0.03916         0
   269/299     1.81G    0.0388   0.06385         0    0.1027       130       416    0.8286    0.7499    0.7931    0.3205   0.04844   0.03851         0
   270/299     1.81G   0.03939   0.06398         0    0.1034       180       416     0.819    0.7413    0.7767    0.3213   0.04927   0.03945         0
   271/299     1.81G    0.0378   0.06201         0   0.09981       137       416    0.8145    0.7328    0.7636    0.2911   0.05038   0.04047         0
   272/299     1.81G   0.03813   0.06072         0   0.09885       128       416    0.8268    0.7409    0.7631    0.3101   0.04915   0.04003         0
   273/299     1.81G   0.03887   0.06236         0    0.1012       125       416     0.813      0.75    0.7809    0.3288   0.04834   0.03868         0
   274/299     1.81G   0.03764   0.06189         0   0.09953       115       416    0.8164    0.7672    0.7965    0.3112   0.04888   0.03891         0
   275/299     1.81G   0.03819   0.06481         0     0.103       195       416    0.8225    0.7241     0.755    0.2942   0.05073   0.03979         0
   276/299     1.81G   0.03866    0.0623         0     0.101        92       416    0.8889    0.6896    0.7934    0.3076   0.05022   0.03909         0
   277/299     1.81G   0.03746   0.05917         0   0.09663       132       416    0.8615    0.6973    0.7896    0.3205   0.04841   0.03895         0
   278/299     1.81G   0.03862   0.06132         0   0.09995       171       416    0.8157    0.8015    0.8099    0.3502   0.04591   0.03925         0
   279/299     1.81G   0.03755   0.06216         0   0.09971       153       416    0.8095    0.7327    0.7609    0.2926   0.05046   0.03954         0
   280/299     1.81G   0.03799   0.06198         0   0.09997       145       416    0.8137    0.7155    0.7378     0.296   0.05037   0.03978         0
   281/299     1.81G   0.03812   0.05936         0   0.09748       120       416    0.8114    0.7069    0.7438     0.287   0.05051   0.03973         0
   282/299     1.81G    0.0383   0.05831         0   0.09662        77       416    0.8382     0.681    0.7617    0.3016   0.05013   0.04046         0
   283/299     1.81G   0.03759   0.05937         0   0.09696       131       416     0.809    0.7669    0.7877       0.3   0.04998   0.03985         0
   284/299     1.81G   0.03861   0.06598         0    0.1046       126       416    0.7739     0.767    0.7811    0.3162   0.04861   0.03866         0
   285/299     1.81G   0.03814   0.06457         0    0.1027       130       416    0.8566    0.7726    0.8293    0.3542   0.04659   0.03857         0
   286/299     1.81G   0.03762   0.06106         0   0.09868        90       416    0.8343    0.7845    0.8088    0.3201   0.04886   0.03834         0
   287/299     1.81G   0.03777   0.06328         0     0.101       169       416    0.8235    0.7239    0.7662    0.2993   0.05067   0.03972         0
   288/299     1.81G   0.03819    0.0621         0    0.1003        94       416    0.8736    0.7148    0.7884    0.3079   0.05035   0.03875         0
   289/299     1.81G   0.03767   0.06132         0   0.09899       136       416    0.8475    0.7672    0.8198    0.3206    0.0489   0.03817         0
   290/299     1.81G   0.03765   0.06195         0    0.0996       136       416    0.8475    0.7667    0.8318    0.3544   0.04614   0.03833         0
   291/299     1.81G   0.03717   0.06232         0   0.09949       131       416    0.8272    0.7845    0.8271    0.3272   0.04786    0.0388         0
   292/299     1.81G   0.03839   0.06206         0    0.1005       163       416    0.8017    0.7328    0.8056    0.3207   0.04822   0.03912         0
   293/299     1.81G   0.03781   0.06233         0    0.1001       140       416    0.8549    0.7155    0.7894    0.3166   0.04912   0.03932         0
   294/299     1.81G   0.03744   0.06066         0    0.0981       170       416    0.8186    0.7414    0.7731    0.2874   0.05046   0.03961         0
   295/299     1.81G   0.03724   0.06198         0   0.09922       127       416    0.8111    0.7414    0.7794    0.3102   0.04981   0.03977         0
   296/299     1.81G   0.03702   0.06161         0   0.09863       160       416    0.7964    0.7756    0.8041    0.3114   0.04952   0.03911         0
   297/299     1.81G    0.0371   0.06108         0   0.09818       132       416    0.7983     0.819    0.8144     0.311   0.04989    0.0387         0
   298/299     1.81G   0.03758   0.06082         0   0.09841       139       416    0.8204      0.75    0.7973    0.3051   0.05082   0.03903         0
   299/299     1.81G   0.03838   0.06667         0     0.105       165       416    0.7627    0.7757    0.7751    0.2841   0.05151    0.0394         0
