     0/299     1.79G     0.103   0.08878         0    0.1918       113       416  0.007978    0.2544  0.002685 0.0003594   0.08725   0.05843         0
     1/299     1.81G   0.09707   0.08962         0    0.1867       128       416   0.01466   0.02367  0.003869 0.0005843   0.08508   0.06052         0
     2/299     1.81G   0.09603   0.08918         0    0.1852       122       416  0.007867     0.145  0.002621 0.0004151   0.08631    0.0601         0
     3/299     1.81G   0.09527   0.09195         0    0.1872       137       416  0.007868    0.2219  0.003001 0.0004346   0.08735   0.05953         0
     4/299     1.81G   0.09476   0.09084         0    0.1856       138       416   0.01174   0.06509  0.003504 0.0005421   0.08502   0.06099         0
     5/299     1.81G   0.09357    0.0941         0    0.1877       110       416   0.01978   0.02367   0.00498 0.0007191   0.08457   0.06123         0
     6/299     1.81G   0.09254   0.09372         0    0.1863       130       416   0.01381    0.1154  0.007077   0.00103     0.084   0.06005         0
     7/299     1.81G   0.09131   0.09155         0    0.1829       108       416   0.09018    0.1982   0.04484  0.008793   0.08376   0.06118         0
     8/299     1.81G   0.08919   0.09129         0    0.1805       155       416   0.01953    0.1775    0.0087   0.00152   0.08685   0.08606         0
     9/299     1.81G   0.08508   0.08852         0    0.1736       159       416   0.03636   0.05621   0.01104  0.002076   0.08439   0.06026         0
    10/299     1.81G    0.0811    0.0881         0    0.1692       120       416    0.2404    0.2308    0.1383   0.03346   0.07297   0.06001         0
    11/299     1.81G   0.07774   0.08844         0    0.1662       123       416    0.1416    0.3002   0.09084    0.0175   0.07748   0.05409         0
    12/299     1.81G   0.07566   0.08923         0    0.1649       120       416    0.2099    0.3432     0.151   0.03797   0.07062   0.05445         0
    13/299     1.81G    0.0756   0.08983         0    0.1654        99       416    0.4444    0.3195     0.269   0.06812   0.06933   0.05143         0
    14/299     1.81G    0.0724   0.08911         0    0.1615       167       416    0.1705    0.1834      0.07   0.01492   0.07617   0.05322         0
    15/299     1.81G    0.0699   0.08935         0    0.1592        94       416  0.001694   0.07988 0.0002986 6.445e-05    0.1429     6.127         0
    16/299     1.81G   0.06947   0.08709         0    0.1566       117       416    0.2671     0.355    0.2068   0.05334   0.06965     0.056         0
    17/299     1.81G   0.06773   0.08594         0    0.1537        96       416    0.1897    0.4172    0.1267   0.03342   0.06586    0.0555         0
    18/299     1.81G   0.06625   0.08655         0    0.1528        78       416    0.5427    0.4671    0.4442    0.1476   0.06047   0.04963         0
    19/299     1.81G   0.06555   0.08379         0    0.1493       101       416    0.5074    0.4882     0.436    0.1426    0.0604   0.05103         0
    20/299     1.81G   0.06428   0.08535         0    0.1496       153       416     0.371     0.284    0.2048   0.03858   0.07369   0.04783         0
    21/299     1.81G    0.0639   0.08705         0    0.1509       105       416    0.4645    0.5237    0.4001    0.1207   0.06161   0.04446         0
    22/299     1.81G   0.06335   0.08549         0    0.1488       121       416    0.2555    0.4112     0.159    0.0383    0.0674   0.05977         0
    23/299     1.81G   0.06183   0.08442         0    0.1462       153       416    0.5672    0.5178    0.5044    0.1461   0.06176   0.04619         0
    24/299     1.81G   0.06163    0.0849         0    0.1465        88       416    0.5286     0.571    0.4754    0.1291   0.05919   0.04551         0
    25/299     1.81G   0.06102   0.08516         0    0.1462       150       416    0.5438    0.4142     0.401    0.1029   0.06448   0.04462         0
    26/299     1.81G    0.0606   0.08596         0    0.1466       175       416    0.6415    0.5828    0.5902    0.1973   0.05641   0.04423         0
    27/299     1.81G   0.05982   0.08473         0    0.1446       117       416    0.5988     0.574    0.5292    0.1705   0.05849   0.04508         0
    28/299     1.81G   0.05924   0.08273         0     0.142        98       416    0.6619    0.5619    0.5805    0.1918   0.05517   0.04467         0
    29/299     1.81G   0.06011   0.08313         0    0.1432       187       416     0.714    0.5207    0.5642    0.1855   0.05463   0.04555         0
    30/299     1.81G   0.05775    0.0815         0    0.1393       212       416    0.5459    0.5947     0.501    0.1555   0.05666   0.04521         0
    31/299     1.81G   0.05746    0.0833         0    0.1408       131       416    0.6754    0.5976     0.638    0.2534   0.05143   0.04494         0
    32/299     1.81G   0.05802   0.08418         0    0.1422       119       416    0.5981    0.4941    0.4693    0.1058   0.06218   0.04428         0
    33/299     1.81G   0.05706   0.08219         0    0.1392       108       416    0.5581    0.5492    0.4911     0.138   0.06064   0.04494         0
    34/299     1.81G    0.0568   0.07911         0    0.1359        96       416    0.4741    0.5325    0.4461    0.1082   0.06325    0.0421         0
    35/299     1.81G   0.05749    0.0819         0    0.1394       131       416     0.657    0.5651    0.5892    0.2049   0.05524   0.04194         0
    36/299     1.81G    0.0562   0.08257         0    0.1388       167       416    0.6486    0.6124    0.6077    0.2224   0.05189   0.04536         0
    37/299     1.81G   0.05563   0.08019         0    0.1358       102       416     0.601    0.6479    0.6182    0.2361   0.05179   0.04501         0
    38/299     1.81G   0.05564    0.0809         0    0.1365       131       416    0.6906    0.6154    0.6225    0.2041   0.05663   0.04176         0
    39/299     1.81G   0.05604   0.07832         0    0.1344       107       416    0.6112    0.5906    0.5875    0.1954   0.05725   0.04327         0
    40/299     1.81G   0.05453    0.0814         0    0.1359       136       416    0.6662    0.6095    0.6384    0.2228   0.05446   0.04384         0
    41/299     1.81G   0.05457   0.07816         0    0.1327       154       416    0.7176    0.5412    0.5998    0.1953   0.05735   0.04202         0
    42/299     1.81G   0.05457   0.08012         0    0.1347       106       416    0.6044    0.6272    0.6249    0.2345   0.05324   0.04164         0
    43/299     1.81G   0.05414   0.07701         0    0.1312       124       416    0.6787    0.6063    0.6143    0.2011   0.05564   0.04188         0
    44/299     1.81G   0.05367   0.07722         0    0.1309       120       416    0.7088    0.6065    0.6378    0.2109   0.05515   0.04085         0
    45/299     1.81G   0.05382   0.07747         0    0.1313       135       416    0.6555    0.5414    0.5647    0.1595   0.05913   0.04345         0
    46/299     1.81G   0.05339    0.0784         0    0.1318       119       416    0.6833     0.645    0.6868     0.269   0.05064   0.04265         0
    47/299     1.81G   0.05347   0.07897         0    0.1324       153       416    0.5886     0.597    0.5643    0.1447   0.05972   0.03977         0
    48/299     1.81G   0.05317   0.07612         0    0.1293       115       416    0.7408    0.6272    0.7126    0.2836   0.05096   0.04039         0
    49/299     1.81G   0.05231   0.07849         0    0.1308       114       416    0.6884    0.6154    0.6293    0.1907   0.05597   0.04137         0
    50/299     1.81G   0.05164   0.07544         0    0.1271       102       416    0.6874    0.6716    0.6901    0.2374   0.05322   0.04003         0
    51/299     1.81G   0.05205   0.07464         0    0.1267       107       416    0.7005    0.6805    0.6586    0.2195   0.05473   0.04018         0
    52/299     1.81G   0.05248   0.07807         0    0.1305       124       416    0.6757    0.7337    0.7164    0.2694   0.05123   0.03963         0
    53/299     1.81G     0.052   0.07637         0    0.1284       101       416      0.64    0.6417    0.6507    0.2174   0.05432   0.04067         0
    54/299     1.81G   0.05179   0.07554         0    0.1273       141       416    0.7703    0.6657    0.7276    0.2696   0.05003   0.03929         0
    55/299     1.81G   0.05152    0.0773         0    0.1288       114       416     0.717    0.6298    0.6867    0.2407   0.05397   0.03959         0
    56/299     1.81G   0.05196   0.07512         0    0.1271       121       416    0.7262    0.6065    0.6594    0.2176   0.05518   0.04065         0
    57/299     1.81G   0.05132   0.07593         0    0.1272        94       416    0.7469    0.6302    0.6757    0.2146   0.05574   0.03908         0
    58/299     1.81G   0.05111   0.07584         0     0.127       133       416    0.7024    0.6981     0.733    0.2719   0.05061   0.04003         0
    59/299     1.81G   0.05077   0.07451         0    0.1253       128       416    0.7273    0.5976    0.6249    0.2054   0.05493   0.04187         0
    60/299     1.81G    0.0502   0.07373         0    0.1239       103       416    0.7758    0.6861    0.7497    0.3107   0.04782   0.04027         0
    61/299     1.81G   0.05121    0.0742         0    0.1254       104       416    0.6644    0.5888     0.613    0.1848   0.05827   0.04007         0
    62/299     1.81G   0.05041   0.07514         0    0.1256       127       416    0.7258     0.689    0.7493    0.2542   0.05194   0.03903         0
    63/299     1.81G   0.04991   0.07514         0    0.1251       148       416    0.7359    0.6864    0.7376     0.281    0.0507   0.03854         0
    64/299     1.81G   0.05027   0.07441         0    0.1247       106       416     0.709    0.6065    0.6504    0.2086   0.05689   0.04003         0
    65/299     1.81G   0.04979   0.07333         0    0.1231       111       416    0.7134     0.707     0.736    0.2652   0.05181   0.03915         0
    66/299     1.81G    0.0494   0.07445         0    0.1239       113       416    0.7963    0.6716     0.771     0.299   0.04968   0.03869         0
    67/299     1.81G   0.04977   0.07357         0    0.1233        68       416    0.7093    0.7308    0.7758    0.3163   0.04854   0.03985         0
    68/299     1.81G   0.04958   0.07382         0    0.1234       139       416    0.7357    0.6918    0.7489    0.2777   0.05127   0.03778         0
    69/299     1.81G   0.04963   0.07419         0    0.1238       123       416    0.8273    0.6686    0.7642    0.3062   0.04902   0.03813         0
    70/299     1.81G   0.04878   0.07301         0    0.1218       152       416    0.8113    0.6923    0.7746    0.3196   0.04757   0.03895         0
    71/299     1.81G   0.04956   0.07403         0    0.1236       151       416    0.7329     0.642    0.7033    0.2137   0.05596   0.03765         0
    72/299     1.81G   0.04879   0.07158         0    0.1204       138       416    0.7742    0.7099    0.7647    0.3023   0.04961    0.0377         0
    73/299     1.81G   0.04807   0.07267         0    0.1207       173       416    0.7814    0.6568    0.7293    0.2519   0.05265   0.03854         0
    74/299     1.81G   0.04813   0.07051         0    0.1186       121       416    0.7292    0.7337     0.768    0.2908   0.05004   0.03714         0
    75/299     1.81G   0.04868   0.07316         0    0.1218       122       416    0.7064    0.7544    0.7617    0.2854   0.04954   0.04071         0
    76/299     1.81G   0.04855   0.07137         0    0.1199       126       416     0.712    0.6801    0.7125    0.2389   0.05479   0.03857         0
    77/299     1.81G   0.04804   0.07165         0    0.1197       121       416    0.7499    0.7101    0.7723    0.3149   0.04855   0.03869         0
    78/299     1.81G   0.04806   0.07102         0    0.1191       129       416    0.7708    0.6686     0.756    0.2875   0.04959   0.03944         0
    79/299     1.81G   0.04775   0.07202         0    0.1198       117       416    0.8106    0.6982    0.7816    0.3037    0.0499    0.0372         0
    80/299     1.81G   0.04769   0.07389         0    0.1216       142       416    0.7307    0.6834    0.7473     0.267   0.05283   0.03839         0
    81/299     1.81G   0.04752   0.07369         0    0.1212       190       416    0.7137     0.716      0.74    0.2679   0.04981   0.03897         0
    82/299     1.81G   0.04753   0.07358         0    0.1211       132       416     0.741    0.6805    0.7486    0.2924   0.05021   0.03863         0
    83/299     1.81G   0.04735   0.07034         0    0.1177       131       416    0.7056    0.7304    0.7423    0.2576   0.05212   0.03868         0
    84/299     1.81G   0.04697   0.07017         0    0.1171       124       416    0.7821    0.6805    0.7589    0.2963   0.04958   0.03786         0
    85/299     1.81G   0.04694   0.06778         0    0.1147        94       416    0.7687    0.6981    0.7553    0.3032   0.05025    0.0396         0
    86/299     1.81G   0.04707   0.07025         0    0.1173       131       416    0.7364    0.7278    0.7395    0.2602   0.05227   0.03738         0
    87/299     1.81G   0.04699   0.07077         0    0.1178        87       416    0.7609    0.7722     0.796    0.3266   0.04772    0.0368         0
    88/299     1.81G   0.04658   0.06924         0    0.1158        99       416    0.7612    0.7543    0.8067    0.3095   0.04848   0.03747         0
    89/299     1.81G   0.04674   0.06977         0    0.1165       146       416    0.7881    0.6712      0.77    0.2821   0.05132   0.03809         0
    90/299     1.81G   0.04611   0.06889         0     0.115       125       416    0.7871    0.7574    0.8076    0.3298   0.04799   0.03706         0
    91/299     1.81G   0.04635   0.07056         0    0.1169       117       416     0.788    0.7479    0.7958    0.2818   0.05111   0.03925         0
    92/299     1.81G   0.04641   0.06907         0    0.1155       139       416     0.753    0.7036    0.7641    0.2886   0.04999   0.03821         0
    93/299     1.81G   0.04636    0.0714         0    0.1178       122       416    0.7871    0.7456    0.7963     0.291   0.04906   0.03725         0
    94/299     1.81G   0.04619   0.06993         0    0.1161       120       416    0.7588    0.7604    0.7938    0.2895   0.05086   0.03724         0
    95/299     1.81G   0.04675   0.06949         0    0.1162       104       416      0.69    0.7573    0.7582    0.2603   0.05271   0.03776         0
    96/299     1.81G   0.04628   0.07219         0    0.1185        91       416    0.7201     0.784     0.802    0.2869   0.05065   0.03753         0
    97/299     1.81G   0.04581   0.06744         0    0.1132       109       416    0.7415    0.7129    0.7551    0.2567   0.05406   0.03683         0
    98/299     1.81G   0.04564   0.06867         0    0.1143       138       416    0.7541    0.7722    0.8123    0.3056   0.04977   0.03685         0
    99/299     1.81G   0.04558   0.06798         0    0.1136       133       416      0.75    0.7544    0.7865    0.2954   0.04906   0.03778         0
   100/299     1.81G   0.04516   0.06743         0    0.1126       124       416    0.7199     0.692    0.7336    0.2504   0.05338   0.03824         0
   101/299     1.81G   0.04558   0.06865         0    0.1142       118       416    0.7997    0.7337    0.7921     0.307   0.04872   0.03677         0
   102/299     1.81G   0.04544   0.06843         0    0.1139       134       416     0.767    0.6923    0.7514    0.2836   0.05018   0.03931         0
   103/299     1.81G   0.04558   0.06769         0    0.1133        83       416    0.8031    0.7012      0.79    0.2813   0.05076    0.0382         0
   104/299     1.81G    0.0446   0.06716         0    0.1118       138       416    0.7539    0.7456    0.7802    0.3237   0.04834   0.03655         0
   105/299     1.81G   0.04476   0.06694         0    0.1117       121       416      0.81    0.7567    0.8165    0.3174    0.0477   0.03641         0
   106/299     1.81G   0.04453   0.07147         0     0.116       165       416    0.8053    0.7101    0.7849    0.2885   0.05013   0.03775         0
   107/299     1.81G   0.04461   0.06827         0    0.1129       122       416    0.8217    0.7364    0.8082    0.3279   0.04749    0.0364         0
   108/299     1.81G   0.04445   0.06684         0    0.1113       135       416    0.8293    0.7633    0.8306    0.3504   0.04726   0.03659         0
   109/299     1.81G   0.04425   0.06735         0    0.1116       129       416    0.8409    0.7504    0.8166     0.323   0.04778   0.03624         0
   110/299     1.81G   0.04485   0.06916         0     0.114       196       416    0.8071    0.7425    0.7922    0.2903   0.05029   0.03694         0
   111/299     1.81G   0.04448   0.06539         0    0.1099       183       416    0.7734    0.7573     0.783    0.3074   0.04944   0.03645         0
   112/299     1.81G   0.04427   0.06476         0     0.109       151       416    0.7867    0.7101    0.7746    0.2731   0.05085   0.03684         0
   113/299     1.81G   0.04384   0.06634         0    0.1102       137       416    0.7661    0.7663    0.8003    0.3154   0.04861    0.0366         0
   114/299     1.81G   0.04408   0.06593         0      0.11       128       416    0.7302    0.7811    0.7772    0.3078   0.04943   0.03693         0
   115/299     1.81G   0.04322   0.06434         0    0.1076        81       416    0.7924    0.7811    0.8051      0.32    0.0487   0.03688         0
   116/299     1.81G    0.0433   0.06583         0    0.1091       128       416    0.7834    0.8136    0.8412    0.3374   0.04742   0.03577         0
   117/299     1.81G    0.0433   0.06619         0    0.1095        94       416    0.7746    0.7959    0.8342    0.3574   0.04558   0.03745         0
   118/299     1.81G   0.04333   0.06599         0    0.1093       106       416     0.786     0.784    0.8283     0.329   0.04709    0.0369         0
   119/299     1.81G   0.04335   0.06636         0    0.1097       126       416    0.8673    0.7544    0.8341    0.3379   0.04716   0.03669         0
   120/299     1.81G   0.04338   0.06584         0    0.1092        94       416    0.7797    0.7539    0.8032    0.3214   0.04797   0.03677         0
   121/299     1.81G   0.04369   0.06635         0      0.11       139       416    0.8323    0.7515    0.8385     0.355   0.04554   0.03693         0
   122/299     1.81G   0.04317   0.06676         0    0.1099       206       416    0.7623    0.7899    0.8235    0.3184    0.0487   0.03649         0
   123/299     1.81G   0.04305   0.06556         0    0.1086       137       416    0.8309    0.7574    0.8301    0.3431   0.04687   0.03623         0
   124/299     1.81G   0.04262   0.06566         0    0.1083       102       416      0.84    0.7455    0.8208     0.327   0.04781   0.03704         0
   125/299     1.81G   0.04292   0.06602         0    0.1089       137       416    0.7833    0.7929    0.8221    0.2987   0.04948   0.03782         0
   126/299     1.81G    0.0427   0.06428         0     0.107       131       416    0.8586    0.7426    0.8267    0.3519   0.04555   0.03661         0
   127/299     1.81G   0.04317   0.06638         0    0.1095       128       416    0.8005    0.7396    0.7975    0.3031   0.04942   0.03722         0
   128/299     1.81G   0.04251   0.06456         0    0.1071       140       416    0.8201     0.784    0.8369    0.3321   0.04775   0.03696         0
   129/299     1.81G   0.04247   0.06548         0    0.1079       174       416    0.7563    0.7899    0.7981    0.2863   0.05129   0.03607         0
   130/299     1.81G   0.04176   0.06257         0    0.1043       115       416    0.7793    0.8254    0.8304    0.3392   0.04656   0.03613         0
   131/299     1.81G   0.04259   0.06533         0    0.1079        78       416    0.8113    0.7507    0.8117    0.3161   0.04814   0.03718         0
   132/299     1.81G     0.042   0.06339         0    0.1054       104       416    0.8014    0.7929    0.8316    0.3118    0.0486   0.03635         0
   133/299     1.81G   0.04208   0.06113         0    0.1032       124       416    0.8574    0.7296    0.8225    0.3599   0.04419    0.0361         0
   134/299     1.81G   0.04247   0.06506         0    0.1075       140       416    0.7791    0.7514    0.8113     0.333   0.04703   0.03621         0
   135/299     1.81G   0.04243   0.06347         0    0.1059       104       416    0.8262    0.7751    0.8222    0.3398   0.04706   0.03634         0
   136/299     1.81G   0.04192   0.06498         0    0.1069       137       416    0.8451     0.716     0.819    0.3253   0.04746   0.03658         0
   137/299     1.81G   0.04118    0.0617         0    0.1029       167       416    0.7802    0.8107     0.829    0.3209   0.04844   0.03771         0
   138/299     1.81G   0.04107   0.06103         0    0.1021       131       416     0.841    0.7367    0.8057     0.302   0.05019   0.03641         0
   139/299     1.81G   0.04129   0.06353         0    0.1048        96       416    0.8231    0.7572    0.8235    0.3435   0.04679   0.03663         0
   140/299     1.81G   0.04188   0.06402         0    0.1059       115       416    0.8054     0.784    0.8467    0.3667   0.04487   0.03597         0
   141/299     1.81G   0.04098   0.06187         0    0.1029       158       416    0.7961    0.8665    0.8694    0.3809    0.0437    0.0355         0
   142/299     1.81G   0.04106   0.06264         0    0.1037       146       416    0.8227    0.8254    0.8521     0.357   0.04527   0.03603         0
   143/299     1.81G   0.04164   0.06265         0    0.1043       112       416    0.8771     0.781    0.8475    0.3439   0.04641   0.03627         0
   144/299     1.81G   0.04141   0.06252         0    0.1039       163       416    0.8019    0.7306    0.7947    0.2933   0.05087   0.03656         0
   145/299     1.81G   0.04049   0.06221         0    0.1027       153       416    0.8215    0.7898    0.8328    0.3398   0.04693   0.03624         0
   146/299     1.81G   0.04112   0.06242         0    0.1035       106       416    0.8431    0.7631    0.8055    0.3113   0.04799   0.03612         0
   147/299     1.81G   0.04142   0.06393         0    0.1054       151       416    0.8659    0.7692    0.8471    0.3643   0.04456   0.03545         0
   148/299     1.81G   0.04085   0.06202         0    0.1029       134       416    0.8382    0.7662    0.8288    0.3259   0.04799   0.03581         0
   149/299     1.81G   0.04092   0.06266         0    0.1036       157       416    0.8265    0.7894    0.8376    0.3516   0.04551   0.03613         0
   150/299     1.81G   0.04002   0.06267         0    0.1027       138       416    0.8081    0.7988    0.8358    0.3322   0.04696   0.03757         0
   151/299     1.81G    0.0407   0.06387         0    0.1046       114       416    0.8099    0.7219     0.796     0.291   0.04945   0.03707         0
   152/299     1.81G   0.04061   0.06097         0    0.1016        98       416    0.8428    0.7773    0.8477    0.3764   0.04506   0.03571         0
   153/299     1.81G   0.04015   0.06065         0    0.1008       115       416    0.8182    0.7988    0.8422    0.3627    0.0451   0.03618         0
   154/299     1.81G    0.0406   0.06236         0     0.103        81       416    0.8333    0.7426    0.8126    0.3088   0.04813   0.03692         0
   155/299     1.81G   0.04032   0.06232         0    0.1026       134       416    0.7891    0.8195    0.8422    0.3308   0.04668   0.03683         0
   156/299     1.81G    0.0399   0.05973         0   0.09963       121       416    0.8186    0.7751    0.8301    0.3401   0.04628   0.03687         0
   157/299     1.81G   0.04012    0.0633         0    0.1034       162       416    0.8556     0.754    0.8433    0.3459   0.04546   0.03623         0
   158/299     1.81G   0.04007   0.05968         0   0.09975       107       416    0.8412    0.8166    0.8601    0.3525   0.04607   0.03615         0
   159/299     1.81G   0.03989   0.05972         0   0.09961       125       416    0.8194     0.792    0.8369    0.3403   0.04621   0.03684         0
   160/299     1.81G      0.04    0.0609         0    0.1009       104       416    0.8187    0.8077    0.8494    0.3332   0.04636   0.03628         0
   161/299     1.81G   0.03976   0.06162         0    0.1014        92       416    0.8109    0.8372    0.8645    0.3498   0.04605    0.0357         0
   162/299     1.81G   0.03961   0.06031         0   0.09992        86       416    0.8382     0.784    0.8492    0.3693     0.045   0.03558         0
   163/299     1.81G    0.0394   0.06067         0    0.1001       106       416    0.8343    0.7751    0.8354    0.3694   0.04479   0.03632         0
   164/299     1.81G    0.0398   0.06024         0       0.1       138       416    0.8524    0.7367    0.8215    0.3049   0.04909   0.03623         0
   165/299     1.81G   0.03932   0.06102         0    0.1003       137       416    0.8411    0.7986    0.8426    0.3364   0.04689   0.03585         0
   166/299     1.81G   0.03944    0.0608         0    0.1002       122       416    0.8065    0.7663    0.7916    0.3191   0.04792   0.03685         0
   167/299     1.81G   0.03923   0.05993         0   0.09916       144       416    0.8473    0.8044    0.8576    0.3617   0.04414   0.03595         0
   168/299     1.81G   0.03924    0.0621         0    0.1013       120       416    0.8427    0.7927    0.8535    0.3624   0.04503   0.03542         0
   169/299     1.81G   0.03934   0.06213         0    0.1015       171       416    0.8095    0.8047     0.851    0.3347   0.04673   0.03623         0
   170/299     1.81G   0.03922   0.05998         0   0.09921        97       416    0.8349     0.763    0.8331    0.3142   0.04783   0.03654         0
   171/299     1.81G   0.03924    0.0603         0   0.09954       129       416    0.8273    0.7511    0.8104    0.3035   0.04847   0.03764         0
   172/299     1.81G   0.03895   0.05899         0   0.09794       145       416    0.7941    0.6302    0.6918    0.2453   0.05453   0.04212         0
   173/299     1.81G   0.03927   0.06057         0   0.09984       140       416    0.8089    0.8018    0.8356    0.3331   0.04745   0.03615         0
   174/299     1.81G   0.03889   0.06031         0    0.0992        84       416    0.8646    0.7749    0.8569     0.351   0.04654   0.03509         0
   175/299     1.81G   0.03879     0.059         0   0.09779        96       416    0.8146    0.7929    0.8326     0.331   0.04779   0.03551         0
   176/299     1.81G   0.03862   0.05819         0   0.09681       102       416    0.8889    0.7604    0.8563    0.3517   0.04542   0.03549         0
   177/299     1.81G   0.03893   0.06097         0    0.0999        96       416    0.8225    0.7959    0.8428    0.3182   0.04722   0.03727         0
   178/299     1.81G   0.03874   0.06005         0   0.09879       163       416    0.8531    0.7574    0.8246    0.3438   0.04687   0.03649         0
   179/299     1.81G   0.03891   0.05972         0   0.09863       130       416    0.8186    0.8018    0.8462    0.3643   0.04566   0.03591         0
   180/299     1.81G   0.03801   0.05922         0   0.09723       127       416    0.8557    0.7751    0.8489    0.3417   0.04738   0.03674         0
   181/299     1.81G   0.03814   0.05948         0   0.09762       101       416    0.8451    0.7751    0.8381    0.3263   0.04802   0.03673         0
   182/299     1.81G   0.03883   0.05948         0   0.09831       139       416    0.8465    0.7833    0.8478    0.3465   0.04669   0.03609         0
   183/299     1.81G   0.03835   0.05915         0    0.0975       151       416    0.8598    0.7986    0.8568    0.3468   0.04665   0.03594         0
   184/299     1.81G   0.03835   0.05929         0   0.09765       116       416    0.8801    0.7663    0.8412     0.365   0.04547    0.0361         0
   185/299     1.81G   0.03794     0.058         0   0.09594       114       416    0.8906    0.7751    0.8696    0.3492   0.04588   0.03577         0
   186/299     1.81G   0.03829   0.05738         0   0.09567       119       416    0.8831    0.8284    0.8739    0.3411   0.04677   0.03575         0
   187/299     1.81G    0.0376   0.05846         0   0.09606       150       416    0.8561    0.7929    0.8578    0.3622   0.04579    0.0354         0
   188/299     1.81G   0.03791   0.05768         0   0.09559        92       416    0.8689    0.8043    0.8561    0.3508   0.04665   0.03602         0
   189/299     1.81G    0.0379   0.05881         0   0.09671       144       416    0.8467    0.8018    0.8468    0.3689    0.0443   0.03602         0
   190/299     1.81G   0.03763   0.05892         0   0.09655       136       416    0.8603    0.8016    0.8639    0.3669   0.04512   0.03639         0
   191/299     1.81G   0.03784   0.05891         0   0.09675       121       416    0.8762    0.7751    0.8629    0.3347   0.04716     0.037         0
   192/299     1.81G   0.03767   0.05827         0   0.09594       102       416    0.8796    0.7778    0.8579    0.3607   0.04494    0.0364         0
   193/299     1.81G    0.0375   0.05727         0   0.09477       149       416    0.8535    0.7929    0.8503    0.3516   0.04608   0.03584         0
   194/299     1.81G   0.03705   0.05737         0   0.09443        86       416    0.8474    0.7899     0.843    0.3536   0.04608   0.03641         0
   195/299     1.81G   0.03777   0.05795         0   0.09572       148       416    0.8207    0.7988    0.8533    0.3586   0.04511   0.03646         0
   196/299     1.81G   0.03747   0.05844         0   0.09591       122       416    0.8817     0.772    0.8371    0.3348   0.04709   0.03702         0
   197/299     1.81G   0.03728   0.05763         0   0.09492       132       416    0.8535    0.7928    0.8433    0.3214   0.04795   0.03767         0
   198/299     1.81G   0.03745   0.05777         0   0.09522       164       416    0.8343    0.8225    0.8511    0.3605   0.04506   0.03634         0
   199/299     1.81G   0.03717    0.0574         0   0.09457       125       416    0.8592    0.8136    0.8561    0.3588   0.04481   0.03628         0
   200/299     1.81G   0.03753   0.05682         0   0.09435       109       416    0.8511    0.7781    0.8375    0.3505   0.04563   0.03721         0
   201/299     1.81G   0.03706   0.05761         0   0.09467       114       416    0.8258    0.8136     0.867     0.357   0.04547   0.03719         0
   202/299     1.81G   0.03718   0.05714         0   0.09432       148       416    0.8625    0.7988    0.8522    0.3766   0.04434   0.03719         0
   203/299     1.81G   0.03707   0.05755         0   0.09462       105       416    0.8544    0.8166    0.8601    0.3705   0.04423   0.03624         0
   204/299     1.81G   0.03684   0.05694         0   0.09378       165       416     0.843    0.8107    0.8523    0.3646   0.04516   0.03629         0
   205/299     1.81G   0.03628   0.05496         0   0.09124       130       416    0.8523    0.7692    0.8358    0.3331   0.04764   0.03673         0
   206/299     1.81G   0.03712   0.05799         0   0.09511       140       416     0.825    0.8107      0.87    0.3768   0.04435   0.03574         0
   207/299     1.81G   0.03671   0.05742         0   0.09413       121       416    0.8812    0.7692    0.8521    0.3751   0.04444   0.03631         0
   208/299     1.81G    0.0362   0.05561         0   0.09181       155       416    0.8518    0.8166    0.8485    0.3485   0.04627   0.03656         0
   209/299     1.81G   0.03693   0.05841         0   0.09534       121       416    0.8661    0.8047    0.8581    0.3696   0.04475   0.03627         0
   210/299     1.81G   0.03623   0.05567         0    0.0919       101       416    0.8253    0.8107    0.8249    0.3426   0.04673   0.03746         0
   211/299     1.81G   0.03624   0.05629         0   0.09253       112       416    0.8211    0.8282    0.8449     0.353   0.04576   0.03687         0
   212/299     1.81G   0.03601   0.05659         0   0.09259       122       416     0.872     0.787    0.8532    0.3823   0.04421    0.0364         0
   213/299     1.81G   0.03627   0.05542         0   0.09169       149       416    0.8732    0.7811    0.8547    0.3728    0.0449   0.03627         0
   214/299     1.81G   0.03647    0.0561         0   0.09257       131       416    0.8509    0.8107    0.8488    0.3552   0.04589   0.03673         0
   215/299     1.81G   0.03636   0.05453         0    0.0909       128       416    0.8622    0.7988    0.8571    0.3636   0.04519   0.03633         0
   216/299     1.81G   0.03602   0.05407         0   0.09009       105       416    0.8306    0.8284    0.8617     0.355   0.04587   0.03612         0
   217/299     1.81G   0.03635     0.057         0   0.09334       134       416    0.8632     0.787    0.8563    0.3627   0.04545   0.03645         0
   218/299     1.81G   0.03644   0.05488         0   0.09132       123       416    0.8477    0.8107    0.8571     0.378   0.04442    0.0363         0
   219/299     1.81G   0.03628   0.05666         0   0.09294       180       416    0.8517    0.7988    0.8459    0.3307    0.0472    0.0362         0
   220/299     1.81G   0.03558    0.0548         0   0.09038       151       416    0.8914    0.8016    0.8728    0.3521   0.04621   0.03522         0
   221/299     1.81G   0.03578   0.05512         0    0.0909        93       416    0.8549    0.8193    0.8708    0.3617   0.04576   0.03535         0
   222/299     1.81G   0.03589   0.05608         0   0.09197       167       416    0.8721    0.8077    0.8747    0.3859   0.04389   0.03549         0
   223/299     1.81G   0.03623   0.05569         0   0.09192       172       416    0.8389    0.8164    0.8597    0.3696    0.0453   0.03553         0
   224/299     1.81G   0.03582   0.05646         0   0.09228       138       416     0.882    0.7958    0.8611    0.3517   0.04606   0.03549         0
   225/299     1.81G   0.03556   0.05595         0    0.0915       120       416    0.8767    0.8225    0.8812     0.374   0.04496   0.03544         0
   226/299     1.81G   0.03586   0.05489         0   0.09076       105       416    0.8996    0.7957    0.8659    0.3909   0.04371   0.03602         0
   227/299     1.81G   0.03543   0.05458         0   0.09001       127       416    0.8546    0.8018    0.8569    0.3672    0.0449   0.03568         0
   228/299     1.81G    0.0353   0.05431         0   0.08961       104       416    0.8504    0.8076    0.8463     0.348   0.04638   0.03593         0
   229/299     1.81G   0.03507   0.05435         0   0.08942       116       416    0.8545    0.8165    0.8435    0.3541   0.04598   0.03626         0
   230/299     1.81G   0.03543   0.05398         0   0.08941        98       416    0.8511    0.8136    0.8521    0.3623   0.04504   0.03567         0
   231/299     1.81G   0.03511   0.05449         0    0.0896        92       416    0.8638    0.8077    0.8685    0.3697    0.0447   0.03618         0
   232/299     1.81G   0.03563   0.05454         0   0.09017       135       416    0.8612    0.8075    0.8662    0.3681   0.04436   0.03591         0
   233/299     1.81G   0.03526   0.05533         0   0.09059       131       416    0.8756    0.7929    0.8587    0.3542   0.04568   0.03598         0
   234/299     1.81G    0.0352   0.05568         0   0.09088       122       416    0.8834    0.8072    0.8696    0.3728   0.04445   0.03576         0
   235/299     1.81G   0.03494   0.05345         0   0.08839       113       416    0.8817    0.8159    0.8698    0.3788   0.04382   0.03602         0
   236/299     1.81G   0.03516   0.05419         0   0.08935       112       416    0.8532    0.8254    0.8629    0.3737   0.04447   0.03631         0
   237/299     1.81G   0.03466    0.0536         0   0.08826       133       416    0.9026    0.7692    0.8683     0.384   0.04344   0.03548         0
   238/299     1.81G   0.03478    0.0546         0   0.08939        92       416    0.8802    0.8041    0.8654    0.3704   0.04429   0.03571         0
   239/299     1.81G   0.03491    0.0535         0   0.08841       100       416     0.896    0.7929    0.8785    0.3726   0.04456   0.03634         0
   240/299     1.81G   0.03489   0.05463         0   0.08952       102       416     0.876    0.8166    0.8713    0.3711   0.04503   0.03718         0
   241/299     1.81G   0.03474   0.05442         0   0.08916       127       416    0.8729    0.7929    0.8541     0.358   0.04546   0.03646         0
   242/299     1.81G   0.03503   0.05381         0   0.08884       128       416    0.8729    0.7929    0.8507    0.3653   0.04504   0.03614         0
   243/299     1.81G   0.03448    0.0539         0   0.08837       123       416    0.8845    0.7928    0.8679    0.3758   0.04451   0.03534         0
   244/299     1.81G   0.03463   0.05258         0   0.08721       118       416    0.8852    0.7988    0.8641    0.3568   0.04551   0.03594         0
   245/299     1.81G   0.03486   0.05378         0   0.08863       133       416    0.8749    0.7899    0.8569    0.3626   0.04523   0.03628         0
   246/299     1.81G   0.03427   0.05423         0    0.0885       149       416    0.8544    0.7988    0.8444    0.3597   0.04478   0.03674         0
   247/299     1.81G   0.03397   0.05456         0   0.08853       113       416    0.8963    0.7928    0.8587    0.3687   0.04449   0.03611         0
   248/299     1.81G   0.03449   0.05242         0   0.08691       115       416    0.8682    0.7987    0.8549    0.3528   0.04573   0.03595         0
   249/299     1.81G   0.03494   0.05418         0   0.08912       142       416    0.8829    0.7809    0.8603    0.3529   0.04511   0.03648         0
   250/299     1.81G   0.03403   0.05287         0    0.0869       150       416     0.858    0.7692    0.8433    0.3517   0.04548   0.03651         0
   251/299     1.81G   0.03462   0.05295         0   0.08757       127       416    0.8486    0.8136    0.8539    0.3643   0.04463   0.03647         0
   252/299     1.81G   0.03455   0.05228         0   0.08682       119       416    0.8615    0.7959    0.8547    0.3581   0.04559   0.03667         0
   253/299     1.81G   0.03429   0.05384         0   0.08813       102       416    0.8762    0.7957    0.8583    0.3526     0.045   0.03654         0
   254/299     1.81G   0.03436   0.05418         0   0.08853       132       416    0.8461    0.8132    0.8598    0.3462   0.04581   0.03605         0
   255/299     1.81G   0.03435   0.05333         0   0.08768       142       416      0.89    0.7899    0.8519    0.3577   0.04502   0.03623         0
   256/299     1.81G   0.03377   0.05208         0   0.08586       111       416    0.8718    0.8045    0.8705    0.3843   0.04348   0.03617         0
   257/299     1.81G   0.03418   0.05476         0   0.08894       148       416    0.8452    0.8401    0.8652     0.372   0.04447   0.03574         0
   258/299     1.81G   0.03436   0.05252         0   0.08688       166       416    0.8438    0.8311    0.8646    0.3756   0.04427    0.0358         0
   259/299     1.81G   0.03373   0.05168         0   0.08541       175       416     0.889    0.8077    0.8699    0.3647   0.04454   0.03656         0
   260/299     1.81G   0.03431   0.05384         0   0.08815       116       416    0.8903    0.8166    0.8565    0.3668   0.04488     0.036         0
   261/299     1.81G   0.03401     0.052         0   0.08601       110       416    0.8942    0.8018    0.8695    0.3696   0.04431   0.03608         0
   262/299     1.81G   0.03419   0.05356         0   0.08776       101       416    0.8794    0.8195    0.8444    0.3393   0.04629   0.03587         0
   263/299     1.81G   0.03412    0.0517         0   0.08582       107       416    0.8896    0.8106    0.8546    0.3723   0.04421   0.03602         0
   264/299     1.81G   0.03398   0.05339         0   0.08737       120       416    0.8752    0.8107    0.8655    0.3859   0.04353   0.03581         0
   265/299     1.81G   0.03371   0.05448         0   0.08819       148       416    0.9069    0.7777    0.8576    0.3546   0.04533    0.0365         0
   266/299     1.81G   0.03351   0.05303         0   0.08654       100       416    0.8852    0.7988    0.8493    0.3487   0.04561   0.03635         0
   267/299     1.81G   0.03381   0.05286         0   0.08667       125       416    0.8688    0.8047    0.8484    0.3429   0.04604   0.03574         0
   268/299     1.81G   0.03372   0.05336         0   0.08709       145       416    0.8686    0.8225    0.8635    0.3734   0.04422   0.03519         0
   269/299     1.81G    0.0341   0.05377         0   0.08787       155       416    0.8552    0.8211    0.8627    0.3647   0.04448   0.03601         0
   270/299     1.81G   0.03368   0.05232         0   0.08599       153       416    0.9007    0.8047    0.8662    0.3684   0.04457   0.03569         0
   271/299     1.81G   0.03341   0.05177         0   0.08519       150       416    0.8778    0.8107    0.8574    0.3767   0.04367   0.03549         0
   272/299     1.81G   0.03375    0.0526         0   0.08635       142       416    0.8851    0.7988    0.8541    0.3869   0.04294   0.03555         0
   273/299     1.81G   0.03374   0.05144         0   0.08519       134       416    0.9003    0.8018    0.8532    0.3651   0.04466   0.03589         0
   274/299     1.81G   0.03344   0.05307         0   0.08651       122       416      0.88     0.781    0.8397    0.3512   0.04577   0.03635         0
   275/299     1.81G   0.03341   0.05169         0   0.08509       162       416    0.8472    0.8047    0.8509    0.3609   0.04516   0.03632         0
   276/299     1.81G   0.03344   0.05246         0    0.0859        70       416    0.8803    0.7929    0.8528    0.3514   0.04466   0.03639         0
   277/299     1.81G   0.03346   0.05202         0   0.08548       147       416     0.899    0.7898    0.8554    0.3621   0.04396   0.03619         0
   278/299     1.81G   0.03337   0.05034         0    0.0837       162       416    0.8718    0.8254    0.8588    0.3441   0.04542    0.0365         0
   279/299     1.81G    0.0335    0.0523         0    0.0858       136       416    0.8954    0.8102    0.8587    0.3672   0.04433   0.03597         0
   280/299     1.81G   0.03336   0.05027         0   0.08363       102       416    0.8973    0.8014    0.8652    0.3555   0.04516   0.03635         0
   281/299     1.81G   0.03313   0.05179         0   0.08491       125       416    0.8734    0.8373     0.867    0.3756   0.04371   0.03669         0
   282/299     1.81G   0.03305   0.04998         0   0.08303        97       416    0.8857    0.8254     0.865    0.3755   0.04406   0.03633         0
   283/299     1.81G   0.03339   0.05158         0   0.08497       105       416    0.8625    0.7983    0.8526    0.3766   0.04394   0.03648         0
   284/299     1.81G   0.03337   0.05372         0    0.0871       135       416    0.8885    0.8018    0.8547    0.3763     0.044   0.03606         0
   285/299     1.81G   0.03298   0.05153         0    0.0845        97       416    0.9116    0.7928    0.8649    0.3694    0.0445   0.03591         0
   286/299     1.81G   0.03316   0.05161         0   0.08476       122       416    0.8765    0.7988    0.8516    0.3578   0.04517   0.03667         0
   287/299     1.81G   0.03316   0.05123         0   0.08439       135       416    0.8785    0.7929    0.8529    0.3534   0.04529   0.03635         0
   288/299     1.81G   0.03323   0.05056         0   0.08379       119       416    0.8896     0.787    0.8497    0.3534    0.0446   0.03645         0
   289/299     1.81G   0.03301   0.05046         0   0.08348       115       416    0.8625    0.8165    0.8665    0.3654   0.04462   0.03622         0
   290/299     1.81G   0.03305   0.05234         0   0.08539       124       416    0.8956    0.7868    0.8701    0.3716   0.04452    0.0362         0
   291/299     1.81G   0.03318   0.05038         0   0.08355        98       416    0.8536    0.8281    0.8654    0.3706   0.04438   0.03592         0
   292/299     1.81G   0.03277   0.05093         0    0.0837       155       416    0.8721    0.8077    0.8594    0.3668   0.04456   0.03623         0
   293/299     1.81G   0.03312   0.05143         0   0.08455       133       416    0.8508    0.8107    0.8565    0.3608   0.04459   0.03643         0
   294/299     1.81G   0.03293    0.0508         0   0.08373       104       416    0.8847    0.7959    0.8493    0.3685   0.04394   0.03632         0
   295/299     1.81G   0.03294    0.0503         0   0.08324        93       416    0.8877    0.7718     0.844    0.3646   0.04475   0.03654         0
   296/299     1.81G   0.03317   0.05034         0   0.08351       146       416     0.867    0.8107    0.8613    0.3747    0.0443   0.03648         0
   297/299     1.81G   0.03327   0.05289         0   0.08616        95       416    0.8722    0.8076    0.8616    0.3674   0.04457   0.03653         0
   298/299     1.81G   0.03313    0.0513         0   0.08443       110       416    0.8892    0.8075    0.8636     0.361   0.04477   0.03607         0
   299/299     1.81G   0.03286   0.05181         0   0.08467       162       416    0.8814    0.8135    0.8623    0.3773   0.04338   0.03572         0
